5.7157e-01 5.2350e-01 1.9583e-04
5.4714e-01 5.1406e-01 1.9583e-04
5.0693e-01 4.8325e-01 1.9583e-04
4.9152e-01 4.7499e-01 1.9583e-04
4.8346e-01 4.7455e-01 1.9583e-04
4.6354e-01 4.6078e-01 1.9583e-04
4.5623e-01 4.5642e-01 1.9583e-04
4.5427e-01 4.5331e-01 1.9583e-04
4.5363e-01 4.4864e-01 1.9583e-04
4.4484e-01 4.4133e-01 1.9583e-04
4.4417e-01 4.4425e-01 1.9583e-04
4.4357e-01 4.4423e-01 1.9583e-04
4.3757e-01 4.3609e-01 1.9583e-04
4.3617e-01 4.3328e-01 1.9583e-04
4.3030e-01 4.3084e-01 1.9583e-04
4.2847e-01 4.3451e-01 1.9583e-04
4.2732e-01 4.3415e-01 1.9583e-04
4.2698e-01 4.3041e-01 1.9583e-04
4.2709e-01 4.3036e-01 1.9583e-04
4.2041e-01 4.2653e-01 1.9583e-04
4.2294e-01 4.3187e-01 1.9583e-04
4.2175e-01 4.2957e-01 1.9583e-04
4.1827e-01 4.2292e-01 1.9583e-04
4.2645e-01 4.2484e-01 1.9583e-04
4.3169e-01 4.2843e-01 1.9583e-04
4.2627e-01 4.2513e-01 1.9583e-04
4.2210e-01 4.2385e-01 1.9583e-04
4.2628e-01 4.2979e-01 1.9583e-04
4.2586e-01 4.3016e-01 1.9583e-04
4.1641e-01 4.2165e-01 1.9583e-04
4.1223e-01 4.1540e-01 1.9583e-04
4.2304e-01 4.2221e-01 1.9583e-04
4.2312e-01 4.2179e-01 1.9583e-04
4.0925e-01 4.1258e-01 1.9583e-04
4.1203e-01 4.2262e-01 1.9583e-04
4.2046e-01 4.3240e-01 1.9583e-04
4.1158e-01 4.2250e-01 1.9583e-04
4.0416e-01 4.1034e-01 1.9583e-04
4.1327e-01 4.1336e-01 1.9583e-04
4.1373e-01 4.1426e-01 1.9583e-04
4.0468e-01 4.1127e-01 1.9583e-04
4.0603e-01 4.1695e-01 1.9583e-04
4.1099e-01 4.2410e-01 1.9583e-04
4.0799e-01 4.2093e-01 1.9583e-04
4.0294e-01 4.1480e-01 1.9583e-04
4.0331e-01 4.1241e-01 1.9583e-04
4.0436e-01 4.1242e-01 1.9583e-04
3.9918e-01 4.0959e-01 1.9583e-04
3.9468e-01 4.1047e-01 1.9583e-04
3.9512e-01 4.1094e-01 1.9583e-04
3.9398e-01 4.0983e-01 1.9583e-04
3.9508e-01 4.0737e-01 1.9583e-04
3.9844e-01 4.0753e-01 1.9583e-04
3.9870e-01 4.0710e-01 1.9583e-04
3.9554e-01 4.0643e-01 1.9583e-04
3.9487e-01 4.0877e-01 1.9583e-04
3.9426e-01 4.0960e-01 1.9583e-04
3.9507e-01 4.0965e-01 1.9583e-04
3.9465e-01 4.0471e-01 1.9583e-04
4.0681e-01 4.0997e-01 1.9583e-04
4.0903e-01 4.1214e-01 1.9583e-04
3.9720e-01 4.0556e-01 1.9583e-04
3.9437e-01 4.0876e-01 1.9583e-04
4.0439e-01 4.2267e-01 1.9583e-04
4.0140e-01 4.2047e-01 1.9583e-04
3.8835e-01 4.0500e-01 1.9583e-04
3.8973e-01 3.9961e-01 1.9583e-04
3.9976e-01 4.0455e-01 1.9583e-04
3.9630e-01 4.0353e-01 1.9583e-04
3.9067e-01 4.0318e-01 1.9583e-04
3.9262e-01 4.0894e-01 1.9583e-04
3.8992e-01 4.0580e-01 1.9583e-04
3.8703e-01 4.0160e-01 1.9583e-04
3.8501e-01 3.9874e-01 1.9583e-04
3.8251e-01 3.9824e-01 1.9583e-04
3.8546e-01 4.0476e-01 1.9583e-04
3.8619e-01 4.0620e-01 1.9583e-04
3.8120e-01 3.9879e-01 1.9583e-04
3.8630e-01 3.9726e-01 1.9583e-04
3.8952e-01 3.9929e-01 1.9583e-04
3.8493e-01 3.9819e-01 1.9583e-04
3.9361e-01 4.1063e-01 1.9583e-04
4.0067e-01 4.1786e-01 1.9583e-04
3.9083e-01 4.0839e-01 1.9583e-04
3.8199e-01 4.0031e-01 1.9583e-04
3.8145e-01 3.9735e-01 1.9583e-04
3.8433e-01 4.0045e-01 1.9583e-04
3.8299e-01 4.0312e-01 1.9583e-04
3.8550e-01 4.1002e-01 1.9583e-04
3.8431e-01 4.0901e-01 1.9583e-04
3.8413e-01 4.0647e-01 1.9583e-04
3.8520e-01 4.0547e-01 1.9583e-04
3.8408e-01 4.0315e-01 1.9583e-04
3.8075e-01 4.0008e-01 1.9583e-04
3.7710e-01 3.9808e-01 1.9583e-04
3.7714e-01 3.9973e-01 1.9583e-04
3.7642e-01 4.0028e-01 1.9583e-04
3.7523e-01 3.9965e-01 1.9583e-04
3.7598e-01 3.9875e-01 1.9583e-04
3.7471e-01 3.9913e-01 1.9583e-04
3.7580e-01 3.9925e-01 1.9583e-04
3.7610e-01 3.9952e-01 1.9583e-04
3.7431e-01 3.9551e-01 1.9583e-04
3.7628e-01 3.9536e-01 1.9583e-04
3.8285e-01 4.0105e-01 1.9583e-04
3.8563e-01 4.0287e-01 1.9583e-04
3.8155e-01 4.0009e-01 1.9583e-04
3.7627e-01 3.9759e-01 1.9583e-04
3.7334e-01 3.9393e-01 1.9583e-04
3.7401e-01 3.9356e-01 1.9583e-04
3.7760e-01 3.9326e-01 1.9583e-04
3.7656e-01 3.9288e-01 1.9583e-04
3.7264e-01 3.8986e-01 1.9583e-04
3.6927e-01 3.8986e-01 1.9583e-04
3.8606e-01 4.0901e-01 1.9583e-04
3.9900e-01 4.2092e-01 1.9583e-04
3.9307e-01 4.1407e-01 1.9583e-04
3.8322e-01 4.0143e-01 1.9583e-04
3.7938e-01 3.9700e-01 1.9583e-04
3.7127e-01 3.9121e-01 1.9583e-04
3.7111e-01 3.9487e-01 1.9583e-04
3.7974e-01 4.0433e-01 1.9583e-04
3.7542e-01 3.9964e-01 1.9583e-04
3.6952e-01 3.9081e-01 1.9583e-04
3.7566e-01 3.9248e-01 1.9583e-04
3.7815e-01 3.9530e-01 1.9583e-04
3.8261e-01 3.9872e-01 1.9583e-04
3.7645e-01 3.9598e-01 1.9583e-04
3.7103e-01 3.9614e-01 1.9583e-04
3.7537e-01 4.0392e-01 1.9583e-04
3.7596e-01 4.0435e-01 1.9583e-04
3.6696e-01 3.9375e-01 1.9583e-04
3.7546e-01 3.9451e-01 1.9583e-04
3.8919e-01 4.0439e-01 1.9583e-04
3.8404e-01 4.0042e-01 1.9583e-04
3.6705e-01 3.8774e-01 1.9583e-04
3.6972e-01 3.9472e-01 1.9583e-04
3.8181e-01 4.0720e-01 1.9583e-04
3.7758e-01 4.0331e-01 1.9583e-04
3.6592e-01 3.9148e-01 1.9583e-04
3.6521e-01 3.8854e-01 1.9583e-04
3.6886e-01 3.9114e-01 1.9583e-04
3.6825e-01 3.9144e-01 1.9583e-04
3.6499e-01 3.8959e-01 1.9583e-04
3.6429e-01 3.8875e-01 1.9583e-04
3.7166e-01 3.9356e-01 1.9583e-04
3.7688e-01 3.9838e-01 1.9583e-04
3.7272e-01 3.9568e-01 1.9583e-04
3.6549e-01 3.9097e-01 1.9583e-04
3.6035e-01 3.9027e-01 1.9583e-04
3.6314e-01 3.9556e-01 1.9583e-04
3.6329e-01 3.9412e-01 1.9583e-04
3.6525e-01 3.9075e-01 1.9583e-04
3.6833e-01 3.9078e-01 1.9583e-04
3.6509e-01 3.8898e-01 1.9583e-04
3.6017e-01 3.8776e-01 1.9583e-04
3.5850e-01 3.9000e-01 1.9583e-04
3.6071e-01 3.9389e-01 1.9583e-04
3.5993e-01 3.9189e-01 1.9583e-04
3.6948e-01 3.9611e-01 1.9583e-04
3.6908e-01 3.9421e-01 1.9583e-04
3.6131e-01 3.8739e-01 1.9583e-04
3.6169e-01 3.8914e-01 1.9583e-04
3.6132e-01 3.8974e-01 1.9583e-04
3.6022e-01 3.8698e-01 1.9583e-04
3.6058e-01 3.8694e-01 1.9583e-04
3.5897e-01 3.8648e-01 1.9583e-04
3.5977e-01 3.8991e-01 1.9583e-04
3.5939e-01 3.9013e-01 1.9583e-04
3.5895e-01 3.8728e-01 1.9583e-04
3.5913e-01 3.8751e-01 1.9583e-04
3.5826e-01 3.9085e-01 1.9583e-04
3.5900e-01 3.9000e-01 1.9583e-04
3.6574e-01 3.9137e-01 1.9583e-04
3.7003e-01 3.9340e-01 1.9583e-04
3.6148e-01 3.8952e-01 1.9583e-04
3.6306e-01 3.9476e-01 1.9583e-04
3.7199e-01 4.0458e-01 1.9583e-04
3.6923e-01 4.0128e-01 1.9583e-04
3.6061e-01 3.9029e-01 1.9583e-04
3.5962e-01 3.8685e-01 1.9583e-04
3.5791e-01 3.8551e-01 1.9583e-04
3.5615e-01 3.8547e-01 1.9583e-04
3.5665e-01 3.8927e-01 1.9583e-04
3.5526e-01 3.8861e-01 1.9583e-04
3.6010e-01 3.9494e-01 1.9583e-04
3.5960e-01 3.9276e-01 1.9583e-04
3.5917e-01 3.8892e-01 1.9583e-04
3.5815e-01 3.8585e-01 1.9583e-04
3.5729e-01 3.8669e-01 1.9583e-04
3.5994e-01 3.8980e-01 1.9583e-04
3.5896e-01 3.9081e-01 1.9583e-04
3.5628e-01 3.8900e-01 1.9583e-04
3.5635e-01 3.8838e-01 1.9583e-04
3.5936e-01 3.9210e-01 1.9583e-04
3.6122e-01 3.9283e-01 1.9583e-04
3.5806e-01 3.9129e-01 1.9583e-04
3.5382e-01 3.8730e-01 1.9583e-04
3.5364e-01 3.8409e-01 1.9583e-04
3.6566e-01 3.9091e-01 1.9583e-04
3.7133e-01 3.9478e-01 1.9583e-04
3.6681e-01 3.9309e-01 1.9583e-04
3.5887e-01 3.9021e-01 1.9583e-04
3.5063e-01 3.8542e-01 1.9583e-04
3.5292e-01 3.8589e-01 1.9583e-04
3.5307e-01 3.8819e-01 1.9583e-04
3.5314e-01 3.9391e-01 1.9583e-04
3.5575e-01 3.9692e-01 1.9583e-04
3.5070e-01 3.8947e-01 1.9583e-04
3.5349e-01 3.9193e-01 1.9583e-04
3.5407e-01 3.9011e-01 1.9583e-04
3.6166e-01 3.9241e-01 1.9583e-04
3.6489e-01 3.9423e-01 1.9583e-04
3.5741e-01 3.8968e-01 1.9583e-04
3.5113e-01 3.8726e-01 1.9583e-04
3.5022e-01 3.8875e-01 1.9583e-04
3.4772e-01 3.8683e-01 1.9583e-04
3.5050e-01 3.8551e-01 1.9583e-04
3.5531e-01 3.8745e-01 1.9583e-04
3.5064e-01 3.8467e-01 1.9583e-04
3.4867e-01 3.8488e-01 1.9583e-04
3.4970e-01 3.8695e-01 1.9583e-04
3.4787e-01 3.8383e-01 1.9583e-04
3.5155e-01 3.8381e-01 1.9583e-04
3.5148e-01 3.8448e-01 1.9583e-04
3.4714e-01 3.8399e-01 1.9583e-04
3.4655e-01 3.8319e-01 1.9583e-04
3.4790e-01 3.8345e-01 1.9583e-04
3.5049e-01 3.8690e-01 1.9583e-04
3.5050e-01 3.8671e-01 1.9583e-04
3.5068e-01 3.8528e-01 1.9583e-04
3.5237e-01 3.8579e-01 1.9583e-04
3.5428e-01 3.8942e-01 1.9583e-04
3.5661e-01 3.9104e-01 1.9583e-04
3.5803e-01 3.9084e-01 1.9583e-04
3.5936e-01 3.9227e-01 1.9583e-04
3.5779e-01 3.9357e-01 1.9583e-04
3.5326e-01 3.9289e-01 1.9583e-04
3.5082e-01 3.9188e-01 1.9583e-04
3.5148e-01 3.9575e-01 1.9583e-04
3.5294e-01 3.9712e-01 1.9583e-04
3.5435e-01 3.9547e-01 1.9583e-04
3.4965e-01 3.9101e-01 1.9583e-04
3.4942e-01 3.9131e-01 1.9583e-04
3.5324e-01 3.9357e-01 1.9583e-04
3.5012e-01 3.9017e-01 1.9583e-04
3.4764e-01 3.8605e-01 1.9583e-04
3.4710e-01 3.8478e-01 1.9583e-04
3.4773e-01 3.8780e-01 1.9583e-04
3.5133e-01 3.9288e-01 1.9583e-04
3.4933e-01 3.9104e-01 1.9583e-04
3.4562e-01 3.8462e-01 1.9583e-04
3.5147e-01 3.8598e-01 1.9583e-04
3.5225e-01 3.8694e-01 1.9583e-04
3.5263e-01 3.8864e-01 1.9583e-04
3.5094e-01 3.8742e-01 1.9583e-04
3.4930e-01 3.8822e-01 1.9583e-04
3.4751e-01 3.8722e-01 1.9583e-04
3.4680e-01 3.8704e-01 5.8749e-05
3.4513e-01 3.8563e-01 5.8749e-05
3.4298e-01 3.8332e-01 5.8749e-05
3.4160e-01 3.8199e-01 5.8749e-05
3.4117e-01 3.8160e-01 5.8749e-05
3.4083e-01 3.8170e-01 5.8749e-05
3.4137e-01 3.8181e-01 5.8749e-05
3.4203e-01 3.8250e-01 5.8749e-05
3.4224e-01 3.8246e-01 5.8749e-05
3.4189e-01 3.8218e-01 5.8749e-05
3.4114e-01 3.8129e-01 5.8749e-05
3.4181e-01 3.8128e-01 5.8749e-05
3.4231e-01 3.8187e-01 5.8749e-05
3.4168e-01 3.8203e-01 5.8749e-05
3.4021e-01 3.8202e-01 5.8749e-05
3.3863e-01 3.8219e-01 5.8749e-05
3.3798e-01 3.8257e-01 5.8749e-05
3.3794e-01 3.8230e-01 5.8749e-05
3.3839e-01 3.8192e-01 5.8749e-05
3.3963e-01 3.8279e-01 5.8749e-05
3.4031e-01 3.8325e-01 5.8749e-05
3.3938e-01 3.8280e-01 5.8749e-05
3.3734e-01 3.8119e-01 5.8749e-05
3.3571e-01 3.7966e-01 5.8749e-05
3.3544e-01 3.7833e-01 5.8749e-05
3.3603e-01 3.7779e-01 5.8749e-05
3.3628e-01 3.7808e-01 5.8749e-05
3.3642e-01 3.7832e-01 5.8749e-05
3.3643e-01 3.7785e-01 5.8749e-05
3.3566e-01 3.7727e-01 5.8749e-05
3.3585e-01 3.7692e-01 5.8749e-05
3.3538e-01 3.7664e-01 5.8749e-05
3.3526e-01 3.7713e-01 5.8749e-05
3.3540e-01 3.7815e-01 5.8749e-05
3.3560e-01 3.7913e-01 5.8749e-05
3.3566e-01 3.7998e-01 5.8749e-05
3.3500e-01 3.7955e-01 5.8749e-05
3.3502e-01 3.7956e-01 5.8749e-05
3.3537e-01 3.7943e-01 5.8749e-05
3.3606e-01 3.7972e-01 5.8749e-05
3.3664e-01 3.7911e-01 5.8749e-05
3.3676e-01 3.7846e-01 5.8749e-05
3.3825e-01 3.7815e-01 5.8749e-05
3.3899e-01 3.7786e-01 5.8749e-05
3.3869e-01 3.7758e-01 5.8749e-05
3.3784e-01 3.7758e-01 5.8749e-05
3.3742e-01 3.7802e-01 5.8749e-05
3.3800e-01 3.7965e-01 5.8749e-05
3.3803e-01 3.8089e-01 5.8749e-05
3.3641e-01 3.8036e-01 5.8749e-05
3.3413e-01 3.7880e-01 5.8749e-05
3.3340e-01 3.7808e-01 5.8749e-05
3.3450e-01 3.7830e-01 5.8749e-05
3.3615e-01 3.7933e-01 5.8749e-05
3.3593e-01 3.7952e-01 5.8749e-05
3.3439e-01 3.7922e-01 5.8749e-05
3.3362e-01 3.7945e-01 5.8749e-05
3.3472e-01 3.8058e-01 5.8749e-05
3.3574e-01 3.8122e-01 5.8749e-05
3.3542e-01 3.8023e-01 5.8749e-05
3.3519e-01 3.7861e-01 5.8749e-05
3.3493e-01 3.7767e-01 5.8749e-05
3.3447e-01 3.7665e-01 5.8749e-05
3.3412e-01 3.7647e-01 1.7625e-05
3.3349e-01 3.7625e-01 1.7625e-05
3.3295e-01 3.7625e-01 1.7625e-05
3.3260e-01 3.7643e-01 1.7625e-05
3.3225e-01 3.7658e-01 1.7625e-05
3.3196e-01 3.7686e-01 1.7625e-05
3.3173e-01 3.7689e-01 1.7625e-05
3.3157e-01 3.7680e-01 1.7625e-05
3.3147e-01 3.7667e-01 1.7625e-05
3.3162e-01 3.7669e-01 1.7625e-05
3.3192e-01 3.7679e-01 1.7625e-05
3.3193e-01 3.7691e-01 1.7625e-05
3.3216e-01 3.7713e-01 1.7625e-05
3.3189e-01 3.7719e-01 1.7625e-05
3.3129e-01 3.7725e-01 1.7625e-05
3.3087e-01 3.7744e-01 1.7625e-05
3.3072e-01 3.7774e-01 1.7625e-05
3.3049e-01 3.7810e-01 1.7625e-05
3.3032e-01 3.7857e-01 1.7625e-05
3.3037e-01 3.7904e-01 1.7625e-05
3.3039e-01 3.7926e-01 1.7625e-05
3.3033e-01 3.7921e-01 1.7625e-05
3.3017e-01 3.7883e-01 1.7625e-05
3.3022e-01 3.7851e-01 1.7625e-05
3.3039e-01 3.7829e-01 1.7625e-05
3.3076e-01 3.7808e-01 1.7625e-05
3.3117e-01 3.7808e-01 1.7625e-05
3.3145e-01 3.7802e-01 1.7625e-05
3.3155e-01 3.7803e-01 1.7625e-05
3.3147e-01 3.7799e-01 1.7625e-05
3.3134e-01 3.7795e-01 1.7625e-05
3.3115e-01 3.7784e-01 1.7625e-05
3.3106e-01 3.7776e-01 1.7625e-05
3.3105e-01 3.7773e-01 5.2874e-06
3.3099e-01 3.7769e-01 5.2874e-06
3.3084e-01 3.7766e-01 5.2874e-06
3.3063e-01 3.7762e-01 5.2874e-06
3.3044e-01 3.7760e-01 5.2874e-06
3.3026e-01 3.7758e-01 5.2874e-06
3.3006e-01 3.7759e-01 5.2874e-06
3.2988e-01 3.7758e-01 5.2874e-06
3.2975e-01 3.7758e-01 5.2874e-06
3.2962e-01 3.7762e-01 5.2874e-06
3.2952e-01 3.7767e-01 5.2874e-06
3.2943e-01 3.7778e-01 5.2874e-06
3.2938e-01 3.7782e-01 5.2874e-06
3.2934e-01 3.7783e-01 5.2874e-06
3.2933e-01 3.7783e-01 5.2874e-06
3.2932e-01 3.7779e-01 5.2874e-06
3.2931e-01 3.7774e-01 5.2874e-06
3.2930e-01 3.7767e-01 5.2874e-06
3.2929e-01 3.7763e-01 5.2874e-06
3.2928e-01 3.7761e-01 5.2874e-06
3.2927e-01 3.7761e-01 5.2874e-06
3.2927e-01 3.7759e-01 5.2874e-06
3.2929e-01 3.7755e-01 5.2874e-06
3.2932e-01 3.7752e-01 5.2874e-06
3.2938e-01 3.7747e-01 5.2874e-06
3.2944e-01 3.7744e-01 5.2874e-06
3.2950e-01 3.7744e-01 5.2874e-06
3.2948e-01 3.7746e-01 5.2874e-06
3.2942e-01 3.7748e-01 5.2874e-06
3.2930e-01 3.7751e-01 5.2874e-06
3.2919e-01 3.7756e-01 5.2874e-06
3.2916e-01 3.7757e-01 1.5862e-06
3.2912e-01 3.7759e-01 1.5862e-06
3.2908e-01 3.7760e-01 1.5862e-06
3.2905e-01 3.7762e-01 1.5862e-06
3.2904e-01 3.7762e-01 1.5862e-06
3.2903e-01 3.7763e-01 1.5862e-06
3.2902e-01 3.7762e-01 1.5862e-06
3.2902e-01 3.7762e-01 1.5862e-06
3.2902e-01 3.7761e-01 1.5862e-06
3.2903e-01 3.7760e-01 1.5862e-06
3.2902e-01 3.7759e-01 1.5862e-06
3.2901e-01 3.7758e-01 1.5862e-06
3.2900e-01 3.7759e-01 1.5862e-06
3.2897e-01 3.7760e-01 1.5862e-06
3.2894e-01 3.7762e-01 1.5862e-06
3.2890e-01 3.7764e-01 1.5862e-06
3.2888e-01 3.7766e-01 1.5862e-06
3.2887e-01 3.7767e-01 1.5862e-06
3.2885e-01 3.7768e-01 1.5862e-06
3.2884e-01 3.7769e-01 1.5862e-06
3.2883e-01 3.7769e-01 1.5862e-06
3.2882e-01 3.7771e-01 1.5862e-06
3.2881e-01 3.7771e-01 1.5862e-06
3.2882e-01 3.7769e-01 1.5862e-06
3.2883e-01 3.7766e-01 1.5862e-06
3.2883e-01 3.7764e-01 1.5862e-06
3.2885e-01 3.7761e-01 1.5862e-06
3.2886e-01 3.7758e-01 1.5862e-06
3.2888e-01 3.7756e-01 1.5862e-06
3.2889e-01 3.7755e-01 1.5862e-06
3.2889e-01 3.7755e-01 1.5862e-06
3.2889e-01 3.7755e-01 4.7587e-07
3.2888e-01 3.7755e-01 4.7587e-07
3.2888e-01 3.7755e-01 4.7587e-07
3.2887e-01 3.7755e-01 4.7587e-07
3.2887e-01 3.7755e-01 4.7587e-07
3.2886e-01 3.7755e-01 4.7587e-07
3.2885e-01 3.7754e-01 4.7587e-07
3.2885e-01 3.7754e-01 4.7587e-07
3.2884e-01 3.7754e-01 4.7587e-07
3.2883e-01 3.7754e-01 4.7587e-07
3.2882e-01 3.7754e-01 4.7587e-07
3.2881e-01 3.7754e-01 4.7587e-07
3.2881e-01 3.7753e-01 4.7587e-07
3.2880e-01 3.7753e-01 4.7587e-07
3.2880e-01 3.7753e-01 4.7587e-07
3.2880e-01 3.7752e-01 4.7587e-07
3.2879e-01 3.7753e-01 4.7587e-07
3.2878e-01 3.7753e-01 4.7587e-07
3.2877e-01 3.7753e-01 4.7587e-07
3.2876e-01 3.7753e-01 4.7587e-07
3.2875e-01 3.7753e-01 4.7587e-07
3.2874e-01 3.7753e-01 4.7587e-07
3.2873e-01 3.7754e-01 4.7587e-07
3.2872e-01 3.7754e-01 4.7587e-07
3.2872e-01 3.7754e-01 4.7587e-07
3.2871e-01 3.7754e-01 4.7587e-07
3.2870e-01 3.7754e-01 4.7587e-07
3.2869e-01 3.7754e-01 4.7587e-07
3.2869e-01 3.7754e-01 4.7587e-07
3.2869e-01 3.7754e-01 4.7587e-07
3.2869e-01 3.7754e-01 4.7587e-07
3.2869e-01 3.7754e-01 1.4276e-07
3.2869e-01 3.7754e-01 1.4276e-07
3.2868e-01 3.7754e-01 1.4276e-07
3.2868e-01 3.7754e-01 1.4276e-07
3.2868e-01 3.7754e-01 1.4276e-07
3.2868e-01 3.7754e-01 1.4276e-07
3.2868e-01 3.7754e-01 1.4276e-07
3.2868e-01 3.7754e-01 1.4276e-07
3.2868e-01 3.7754e-01 1.4276e-07
3.2868e-01 3.7754e-01 1.4276e-07
3.2868e-01 3.7754e-01 1.4276e-07
3.2868e-01 3.7754e-01 1.4276e-07
3.2868e-01 3.7753e-01 1.4276e-07
3.2868e-01 3.7753e-01 1.4276e-07
3.2868e-01 3.7753e-01 1.4276e-07
3.2868e-01 3.7753e-01 1.4276e-07
3.2868e-01 3.7753e-01 1.4276e-07
3.2867e-01 3.7753e-01 1.4276e-07
3.2867e-01 3.7753e-01 1.4276e-07
3.2867e-01 3.7752e-01 1.4276e-07
3.2867e-01 3.7752e-01 1.4276e-07
3.2867e-01 3.7752e-01 1.4276e-07
3.2867e-01 3.7752e-01 1.4276e-07
3.2867e-01 3.7752e-01 1.4276e-07
3.2866e-01 3.7752e-01 1.4276e-07
3.2866e-01 3.7752e-01 1.4276e-07
3.2866e-01 3.7752e-01 1.4276e-07
3.2866e-01 3.7752e-01 1.4276e-07
3.2865e-01 3.7752e-01 1.4276e-07
3.2865e-01 3.7752e-01 1.4276e-07
3.2865e-01 3.7752e-01 1.4276e-07
3.2864e-01 3.7752e-01 4.2828e-08
3.2864e-01 3.7752e-01 4.2828e-08
3.2864e-01 3.7752e-01 4.2828e-08
3.2864e-01 3.7752e-01 4.2828e-08
3.2864e-01 3.7752e-01 4.2828e-08
3.2864e-01 3.7752e-01 4.2828e-08
3.2864e-01 3.7752e-01 4.2828e-08
3.2864e-01 3.7752e-01 4.2828e-08
3.2864e-01 3.7752e-01 4.2828e-08
3.2864e-01 3.7752e-01 4.2828e-08
3.2864e-01 3.7752e-01 4.2828e-08
3.2864e-01 3.7752e-01 4.2828e-08
3.2864e-01 3.7752e-01 4.2828e-08
3.2864e-01 3.7752e-01 4.2828e-08
3.2864e-01 3.7752e-01 4.2828e-08
3.2864e-01 3.7752e-01 4.2828e-08
3.2864e-01 3.7752e-01 4.2828e-08
3.2864e-01 3.7752e-01 4.2828e-08
3.2864e-01 3.7752e-01 4.2828e-08
3.2864e-01 3.7752e-01 4.2828e-08
3.2864e-01 3.7752e-01 4.2828e-08
3.2863e-01 3.7752e-01 4.2828e-08
3.2863e-01 3.7752e-01 4.2828e-08
3.2863e-01 3.7752e-01 4.2828e-08
3.2863e-01 3.7752e-01 4.2828e-08
3.2863e-01 3.7753e-01 4.2828e-08
3.2863e-01 3.7753e-01 4.2828e-08
3.2863e-01 3.7753e-01 4.2828e-08
3.2863e-01 3.7753e-01 4.2828e-08
3.2863e-01 3.7753e-01 4.2828e-08
3.2863e-01 3.7753e-01 4.2828e-08
3.2863e-01 3.7753e-01 1.2848e-08
3.2863e-01 3.7753e-01 1.2848e-08
3.2862e-01 3.7753e-01 1.2848e-08
3.2862e-01 3.7753e-01 1.2848e-08
3.2862e-01 3.7753e-01 1.2848e-08
3.2862e-01 3.7753e-01 1.2848e-08
3.2862e-01 3.7753e-01 1.2848e-08
3.2862e-01 3.7753e-01 1.2848e-08
3.2862e-01 3.7753e-01 1.2848e-08
3.2862e-01 3.7753e-01 1.2848e-08
3.2862e-01 3.7753e-01 1.2848e-08
3.2862e-01 3.7753e-01 1.2848e-08
3.2863e-01 3.7753e-01 1.2848e-08
3.2863e-01 3.7753e-01 1.2848e-08
3.2863e-01 3.7753e-01 1.2848e-08
3.2863e-01 3.7753e-01 1.2848e-08
3.2863e-01 3.7753e-01 1.2848e-08
3.2863e-01 3.7753e-01 1.2848e-08
3.2863e-01 3.7753e-01 1.2848e-08
3.2863e-01 3.7753e-01 1.2848e-08
3.2863e-01 3.7753e-01 1.2848e-08
3.2863e-01 3.7753e-01 1.2848e-08
3.2863e-01 3.7753e-01 1.2848e-08
3.2863e-01 3.7753e-01 1.2848e-08
3.2863e-01 3.7753e-01 1.2848e-08
3.2863e-01 3.7753e-01 1.2848e-08
3.2863e-01 3.7753e-01 1.2848e-08
3.2863e-01 3.7753e-01 1.2848e-08
3.2863e-01 3.7753e-01 1.2848e-08
3.2863e-01 3.7753e-01 1.2848e-08
3.2863e-01 3.7753e-01 1.2848e-08
3.2863e-01 3.7753e-01 1.2848e-08
3.2863e-01 3.7753e-01 1.2848e-08
3.2863e-01 3.7753e-01 1.2848e-08
3.2863e-01 3.7753e-01 1.2848e-08
3.2862e-01 3.7753e-01 1.2848e-08
3.2862e-01 3.7753e-01 1.2848e-08
3.2862e-01 3.7753e-01 1.2848e-08
3.2862e-01 3.7753e-01 1.2848e-08
3.2862e-01 3.7753e-01 1.2848e-08
3.2862e-01 3.7753e-01 1.2848e-08
3.2862e-01 3.7753e-01 1.2848e-08
3.2862e-01 3.7753e-01 1.2848e-08
3.2862e-01 3.7753e-01 1.2848e-08
3.2862e-01 3.7753e-01 1.2848e-08
3.2862e-01 3.7753e-01 1.2848e-08
3.2862e-01 3.7753e-01 1.2848e-08
3.2862e-01 3.7753e-01 1.2848e-08
3.2862e-01 3.7753e-01 1.2848e-08
3.2862e-01 3.7753e-01 1.2848e-08
3.2862e-01 3.7753e-01 1.2848e-08
3.2862e-01 3.7753e-01 1.2848e-08
3.2862e-01 3.7753e-01 1.2848e-08
3.2862e-01 3.7753e-01 1.2848e-08
3.2862e-01 3.7753e-01 1.2848e-08
3.2862e-01 3.7753e-01 1.2848e-08
3.2862e-01 3.7753e-01 1.2848e-08
3.2862e-01 3.7753e-01 1.2848e-08
3.2862e-01 3.7753e-01 1.2848e-08
3.2862e-01 3.7753e-01 1.2848e-08
3.2862e-01 3.7753e-01 1.2848e-08
3.2862e-01 3.7753e-01 1.2848e-08
3.2862e-01 3.7753e-01 1.2848e-08
3.2862e-01 3.7753e-01 1.2848e-08
3.2862e-01 3.7753e-01 1.2848e-08
3.2862e-01 3.7753e-01 1.2848e-08
3.2862e-01 3.7753e-01 1.2848e-08
3.2862e-01 3.7753e-01 1.2848e-08
3.2862e-01 3.7753e-01 1.2848e-08
3.2862e-01 3.7753e-01 1.2848e-08
3.2862e-01 3.7753e-01 1.2848e-08
3.2862e-01 3.7753e-01 1.2848e-08
3.2862e-01 3.7753e-01 1.2848e-08
3.2862e-01 3.7753e-01 1.2848e-08
3.2862e-01 3.7753e-01 1.2848e-08
3.2862e-01 3.7753e-01 1.2848e-08
3.2862e-01 3.7753e-01 1.2848e-08
3.2862e-01 3.7753e-01 1.2848e-08
3.2862e-01 3.7753e-01 1.2848e-08
3.2862e-01 3.7753e-01 1.2848e-08
3.2862e-01 3.7753e-01 1.2848e-08
3.2862e-01 3.7753e-01 1.2848e-08
3.2862e-01 3.7753e-01 1.2848e-08
3.2862e-01 3.7753e-01 1.2848e-08
3.2862e-01 3.7753e-01 1.2848e-08
3.2862e-01 3.7753e-01 1.2848e-08
3.2862e-01 3.7753e-01 1.2848e-08
3.2862e-01 3.7753e-01 1.2848e-08
3.2862e-01 3.7753e-01 1.2848e-08
3.2862e-01 3.7753e-01 1.2848e-08
3.2862e-01 3.7753e-01 1.2848e-08
3.2862e-01 3.7753e-01 1.2848e-08
3.2862e-01 3.7753e-01 1.2848e-08
3.2862e-01 3.7753e-01 1.2848e-08
3.2862e-01 3.7753e-01 1.2848e-08
3.2862e-01 3.7753e-01 1.2848e-08
3.2862e-01 3.7753e-01 1.2848e-08
3.2862e-01 3.7753e-01 1.2848e-08
3.2862e-01 3.7753e-01 1.2848e-08
3.2862e-01 3.7753e-01 1.2848e-08
3.2862e-01 3.7753e-01 1.2848e-08
3.2862e-01 3.7753e-01 1.2848e-08
3.2862e-01 3.7753e-01 1.2848e-08
3.2862e-01 3.7753e-01 1.2848e-08
3.2862e-01 3.7753e-01 1.2848e-08
3.2862e-01 3.7753e-01 1.2848e-08
3.2862e-01 3.7753e-01 1.2848e-08
3.2862e-01 3.7753e-01 1.2848e-08
3.2862e-01 3.7753e-01 1.2848e-08
3.2862e-01 3.7753e-01 1.2848e-08
3.2862e-01 3.7753e-01 1.2848e-08
3.2862e-01 3.7753e-01 1.2848e-08
3.2862e-01 3.7753e-01 1.2848e-08
3.2862e-01 3.7753e-01 1.2848e-08
3.2862e-01 3.7753e-01 1.2848e-08
3.2862e-01 3.7753e-01 1.2848e-08
3.2862e-01 3.7753e-01 1.2848e-08
3.2862e-01 3.7753e-01 1.2848e-08
3.2862e-01 3.7753e-01 1.2848e-08
3.2862e-01 3.7753e-01 1.2848e-08
3.2862e-01 3.7753e-01 1.2848e-08
3.2862e-01 3.7753e-01 1.2848e-08
3.2862e-01 3.7753e-01 1.2848e-08
3.2862e-01 3.7753e-01 1.2848e-08
3.2862e-01 3.7753e-01 1.2848e-08
3.2862e-01 3.7753e-01 1.2848e-08
3.2862e-01 3.7753e-01 1.2848e-08
3.2862e-01 3.7753e-01 1.2848e-08
3.2862e-01 3.7753e-01 1.2848e-08
3.2862e-01 3.7753e-01 1.2848e-08
3.2862e-01 3.7753e-01 1.2848e-08
3.2862e-01 3.7753e-01 1.2848e-08
3.2862e-01 3.7753e-01 1.2848e-08
3.2862e-01 3.7753e-01 1.2848e-08
3.2862e-01 3.7753e-01 1.2848e-08
3.2862e-01 3.7753e-01 1.2848e-08
3.2862e-01 3.7753e-01 1.2848e-08
3.2862e-01 3.7753e-01 1.2848e-08
3.2862e-01 3.7753e-01 1.2848e-08
3.2862e-01 3.7753e-01 1.2848e-08
3.2862e-01 3.7753e-01 1.2848e-08
3.2862e-01 3.7753e-01 1.2848e-08
3.2862e-01 3.7753e-01 1.2848e-08
3.2862e-01 3.7753e-01 1.2848e-08
3.2862e-01 3.7753e-01 1.2848e-08
3.2862e-01 3.7753e-01 1.2848e-08
3.2862e-01 3.7753e-01 1.2848e-08
3.2862e-01 3.7753e-01 1.2848e-08
3.2862e-01 3.7753e-01 1.2848e-08
3.2862e-01 3.7753e-01 1.2848e-08
3.2862e-01 3.7753e-01 1.2848e-08
3.2862e-01 3.7753e-01 1.2848e-08
3.2862e-01 3.7753e-01 1.2848e-08
3.2862e-01 3.7753e-01 1.2848e-08
3.2862e-01 3.7753e-01 1.2848e-08
3.2862e-01 3.7753e-01 1.2848e-08
3.2862e-01 3.7753e-01 1.2848e-08
3.2862e-01 3.7753e-01 1.2848e-08
3.2862e-01 3.7753e-01 1.2848e-08
3.2862e-01 3.7753e-01 1.2848e-08
3.2862e-01 3.7753e-01 1.2848e-08
3.2862e-01 3.7753e-01 1.2848e-08
3.2862e-01 3.7753e-01 1.2848e-08
3.2862e-01 3.7753e-01 1.2848e-08
3.2862e-01 3.7753e-01 1.2848e-08
3.2862e-01 3.7753e-01 1.2848e-08
3.2862e-01 3.7753e-01 1.2848e-08
3.2862e-01 3.7753e-01 1.2848e-08
3.2862e-01 3.7753e-01 1.2848e-08
3.2862e-01 3.7753e-01 1.2848e-08
3.2862e-01 3.7753e-01 1.2848e-08
3.2862e-01 3.7753e-01 1.2848e-08
3.2862e-01 3.7753e-01 1.2848e-08
3.2861e-01 3.7753e-01 1.2848e-08
3.2861e-01 3.7753e-01 1.2848e-08
3.2861e-01 3.7753e-01 1.2848e-08
3.2861e-01 3.7753e-01 1.2848e-08
3.2861e-01 3.7753e-01 1.2848e-08
3.2861e-01 3.7753e-01 1.2848e-08
3.2861e-01 3.7753e-01 1.2848e-08
3.2861e-01 3.7753e-01 1.2848e-08
3.2861e-01 3.7753e-01 1.2848e-08
3.2861e-01 3.7753e-01 1.2848e-08
3.2861e-01 3.7753e-01 1.2848e-08
3.2861e-01 3.7753e-01 1.2848e-08
3.2861e-01 3.7753e-01 1.2848e-08
3.2861e-01 3.7753e-01 1.2848e-08
3.2861e-01 3.7753e-01 1.2848e-08
3.2861e-01 3.7753e-01 1.2848e-08
3.2861e-01 3.7753e-01 1.2848e-08
3.2861e-01 3.7753e-01 1.2848e-08
3.2861e-01 3.7753e-01 1.2848e-08
3.2861e-01 3.7753e-01 1.2848e-08
3.2861e-01 3.7753e-01 1.2848e-08
3.2861e-01 3.7753e-01 1.2848e-08
3.2861e-01 3.7753e-01 1.2848e-08
3.2861e-01 3.7753e-01 1.2848e-08
3.2861e-01 3.7753e-01 1.2848e-08
3.2861e-01 3.7753e-01 1.2848e-08
3.2861e-01 3.7753e-01 1.2848e-08
3.2861e-01 3.7753e-01 1.2848e-08
3.2861e-01 3.7753e-01 1.2848e-08
3.2861e-01 3.7753e-01 1.2848e-08
3.2861e-01 3.7753e-01 1.2848e-08
3.2861e-01 3.7753e-01 1.2848e-08
3.2861e-01 3.7753e-01 1.2848e-08
3.2861e-01 3.7753e-01 1.2848e-08
3.2861e-01 3.7753e-01 1.2848e-08
3.2861e-01 3.7753e-01 1.2848e-08
3.2861e-01 3.7753e-01 1.2848e-08
3.2861e-01 3.7753e-01 1.2848e-08
3.2861e-01 3.7753e-01 1.2848e-08
3.2861e-01 3.7753e-01 1.2848e-08
3.2861e-01 3.7753e-01 1.2848e-08
3.2861e-01 3.7754e-01 1.2848e-08
3.2861e-01 3.7754e-01 1.2848e-08
3.2861e-01 3.7754e-01 1.2848e-08
3.2861e-01 3.7754e-01 1.2848e-08
3.2861e-01 3.7754e-01 1.2848e-08
3.2861e-01 3.7754e-01 1.2848e-08
3.2861e-01 3.7753e-01 1.2848e-08
3.2861e-01 3.7753e-01 1.2848e-08
3.2861e-01 3.7753e-01 1.2848e-08
3.2861e-01 3.7753e-01 1.2848e-08
3.2861e-01 3.7753e-01 1.2848e-08
3.2861e-01 3.7753e-01 1.2848e-08
3.2861e-01 3.7753e-01 1.2848e-08
3.2861e-01 3.7753e-01 1.2848e-08
3.2861e-01 3.7753e-01 1.2848e-08
3.2861e-01 3.7753e-01 1.2848e-08
3.2861e-01 3.7753e-01 1.2848e-08
3.2861e-01 3.7753e-01 1.2848e-08
3.2861e-01 3.7753e-01 1.2848e-08
3.2861e-01 3.7753e-01 1.2848e-08
3.2861e-01 3.7753e-01 1.2848e-08
3.2861e-01 3.7753e-01 1.2848e-08
3.2861e-01 3.7753e-01 1.2848e-08
3.2861e-01 3.7753e-01 1.2848e-08
3.2861e-01 3.7753e-01 1.2848e-08
3.2861e-01 3.7753e-01 1.2848e-08
3.2861e-01 3.7753e-01 1.2848e-08
3.2861e-01 3.7753e-01 1.2848e-08
3.2861e-01 3.7753e-01 1.2848e-08
3.2861e-01 3.7753e-01 1.2848e-08
3.2861e-01 3.7753e-01 1.2848e-08
3.2861e-01 3.7753e-01 1.2848e-08
3.2861e-01 3.7753e-01 1.2848e-08
3.2861e-01 3.7753e-01 1.2848e-08
3.2861e-01 3.7753e-01 1.2848e-08
3.2861e-01 3.7753e-01 1.2848e-08
3.2861e-01 3.7753e-01 1.2848e-08
3.2861e-01 3.7753e-01 1.2848e-08
3.2861e-01 3.7753e-01 1.2848e-08
3.2861e-01 3.7753e-01 1.2848e-08
3.2861e-01 3.7753e-01 1.2848e-08
3.2861e-01 3.7753e-01 1.2848e-08
3.2861e-01 3.7753e-01 1.2848e-08
3.2861e-01 3.7753e-01 1.2848e-08
3.2861e-01 3.7753e-01 1.2848e-08
3.2860e-01 3.7753e-01 1.2848e-08
3.2860e-01 3.7753e-01 1.2848e-08
3.2860e-01 3.7753e-01 1.2848e-08
3.2860e-01 3.7753e-01 1.2848e-08
3.2860e-01 3.7753e-01 1.2848e-08
3.2860e-01 3.7753e-01 1.2848e-08
3.2860e-01 3.7753e-01 1.2848e-08
3.2861e-01 3.7753e-01 1.2848e-08
3.2861e-01 3.7753e-01 1.2848e-08
3.2861e-01 3.7753e-01 1.2848e-08
3.2861e-01 3.7753e-01 1.2848e-08
3.2861e-01 3.7753e-01 1.2848e-08
3.2861e-01 3.7753e-01 1.2848e-08
3.2861e-01 3.7753e-01 1.2848e-08
3.2861e-01 3.7753e-01 1.2848e-08
3.2861e-01 3.7753e-01 1.2848e-08
3.2860e-01 3.7753e-01 1.2848e-08
3.2860e-01 3.7753e-01 1.2848e-08
3.2860e-01 3.7753e-01 1.2848e-08
3.2860e-01 3.7753e-01 1.2848e-08
3.2860e-01 3.7753e-01 1.2848e-08
3.2860e-01 3.7753e-01 1.2848e-08
3.2860e-01 3.7753e-01 1.2848e-08
3.2860e-01 3.7753e-01 1.2848e-08
3.2860e-01 3.7754e-01 1.2848e-08
3.2860e-01 3.7754e-01 1.2848e-08
3.2860e-01 3.7754e-01 1.2848e-08
3.2860e-01 3.7754e-01 1.2848e-08
3.2860e-01 3.7754e-01 1.2848e-08
3.2860e-01 3.7754e-01 1.2848e-08
3.2860e-01 3.7754e-01 1.2848e-08
3.2860e-01 3.7754e-01 1.2848e-08
3.2860e-01 3.7754e-01 1.2848e-08
3.2860e-01 3.7754e-01 1.2848e-08
3.2860e-01 3.7754e-01 1.2848e-08
3.2860e-01 3.7754e-01 1.2848e-08
3.2860e-01 3.7754e-01 1.2848e-08
3.2860e-01 3.7754e-01 1.2848e-08
3.2860e-01 3.7754e-01 1.2848e-08
3.2860e-01 3.7754e-01 1.2848e-08
3.2860e-01 3.7754e-01 1.2848e-08
3.2860e-01 3.7754e-01 1.2848e-08
3.2860e-01 3.7754e-01 1.2848e-08
3.2860e-01 3.7754e-01 1.2848e-08
3.2860e-01 3.7754e-01 1.2848e-08
3.2860e-01 3.7754e-01 1.2848e-08
3.2860e-01 3.7754e-01 1.2848e-08
3.2860e-01 3.7754e-01 1.2848e-08
3.2860e-01 3.7754e-01 1.2848e-08
3.2860e-01 3.7754e-01 1.2848e-08
3.2860e-01 3.7754e-01 1.2848e-08
3.2860e-01 3.7754e-01 1.2848e-08
3.2860e-01 3.7754e-01 1.2848e-08
3.2860e-01 3.7754e-01 1.2848e-08
3.2860e-01 3.7754e-01 1.2848e-08
3.2860e-01 3.7754e-01 1.2848e-08
3.2860e-01 3.7754e-01 1.2848e-08
3.2860e-01 3.7754e-01 1.2848e-08
3.2860e-01 3.7754e-01 1.2848e-08
3.2860e-01 3.7754e-01 1.2848e-08
3.2860e-01 3.7754e-01 1.2848e-08
3.2860e-01 3.7754e-01 1.2848e-08
3.2860e-01 3.7754e-01 1.2848e-08
3.2860e-01 3.7754e-01 1.2848e-08
3.2860e-01 3.7754e-01 1.2848e-08
3.2860e-01 3.7754e-01 1.2848e-08
3.2860e-01 3.7754e-01 1.2848e-08
3.2860e-01 3.7754e-01 1.2848e-08
3.2860e-01 3.7754e-01 1.2848e-08
3.2860e-01 3.7754e-01 1.2848e-08
3.2860e-01 3.7754e-01 1.2848e-08
3.2860e-01 3.7754e-01 1.2848e-08
3.2860e-01 3.7754e-01 1.2848e-08
3.2860e-01 3.7754e-01 1.2848e-08
3.2860e-01 3.7754e-01 1.2848e-08
3.2860e-01 3.7754e-01 1.2848e-08
3.2860e-01 3.7754e-01 1.2848e-08
3.2860e-01 3.7754e-01 1.2848e-08
3.2860e-01 3.7754e-01 1.2848e-08
3.2860e-01 3.7754e-01 1.2848e-08
3.2860e-01 3.7754e-01 1.2848e-08
3.2860e-01 3.7754e-01 1.2848e-08
3.2860e-01 3.7754e-01 1.2848e-08
3.2860e-01 3.7754e-01 1.2848e-08
3.2860e-01 3.7754e-01 1.2848e-08
3.2860e-01 3.7754e-01 1.2848e-08
3.2860e-01 3.7754e-01 1.2848e-08
3.2860e-01 3.7754e-01 1.2848e-08
3.2860e-01 3.7754e-01 1.2848e-08
3.2860e-01 3.7754e-01 1.2848e-08
3.2860e-01 3.7754e-01 1.2848e-08
3.2860e-01 3.7754e-01 1.2848e-08
3.2860e-01 3.7754e-01 1.2848e-08
3.2860e-01 3.7754e-01 1.2848e-08
3.2860e-01 3.7754e-01 1.2848e-08
3.2860e-01 3.7754e-01 1.2848e-08
3.2860e-01 3.7754e-01 1.2848e-08
3.2860e-01 3.7754e-01 1.2848e-08
3.2860e-01 3.7754e-01 1.2848e-08
3.2860e-01 3.7754e-01 1.2848e-08
3.2860e-01 3.7754e-01 1.2848e-08
3.2860e-01 3.7753e-01 1.2848e-08
3.2860e-01 3.7753e-01 1.2848e-08
3.2860e-01 3.7753e-01 1.2848e-08
3.2860e-01 3.7753e-01 1.2848e-08
3.2860e-01 3.7753e-01 1.2848e-08
3.2860e-01 3.7753e-01 1.2848e-08
3.2860e-01 3.7753e-01 1.2848e-08
3.2860e-01 3.7753e-01 1.2848e-08
3.2860e-01 3.7753e-01 1.2848e-08
3.2860e-01 3.7753e-01 1.2848e-08
3.2860e-01 3.7753e-01 1.2848e-08
3.2860e-01 3.7753e-01 1.2848e-08
3.2860e-01 3.7753e-01 1.2848e-08
3.2860e-01 3.7753e-01 1.2848e-08
3.2860e-01 3.7753e-01 1.2848e-08
3.2860e-01 3.7753e-01 1.2848e-08
3.2860e-01 3.7753e-01 1.2848e-08
3.2860e-01 3.7753e-01 1.2848e-08
3.2860e-01 3.7753e-01 1.2848e-08
3.2860e-01 3.7753e-01 1.2848e-08
3.2860e-01 3.7753e-01 1.2848e-08
3.2860e-01 3.7753e-01 1.2848e-08
3.2860e-01 3.7753e-01 1.2848e-08
3.2860e-01 3.7753e-01 1.2848e-08
3.2860e-01 3.7753e-01 1.2848e-08
3.2860e-01 3.7753e-01 1.2848e-08
3.2860e-01 3.7753e-01 1.2848e-08
3.2860e-01 3.7753e-01 1.2848e-08
3.2860e-01 3.7753e-01 1.2848e-08
3.2860e-01 3.7753e-01 1.2848e-08
3.2860e-01 3.7753e-01 1.2848e-08
3.2860e-01 3.7753e-01 1.2848e-08
3.2860e-01 3.7753e-01 1.2848e-08
3.2860e-01 3.7753e-01 1.2848e-08
3.2860e-01 3.7753e-01 1.2848e-08
3.2860e-01 3.7753e-01 1.2848e-08
3.2860e-01 3.7753e-01 1.2848e-08
3.2860e-01 3.7753e-01 1.2848e-08
3.2860e-01 3.7753e-01 1.2848e-08
3.2860e-01 3.7753e-01 1.2848e-08
3.2860e-01 3.7753e-01 1.2848e-08
3.2860e-01 3.7753e-01 1.2848e-08
3.2860e-01 3.7753e-01 1.2848e-08
3.2860e-01 3.7753e-01 1.2848e-08
3.2860e-01 3.7753e-01 1.2848e-08
3.2860e-01 3.7753e-01 1.2848e-08
3.2860e-01 3.7753e-01 1.2848e-08
3.2860e-01 3.7753e-01 1.2848e-08
3.2860e-01 3.7753e-01 1.2848e-08
3.2860e-01 3.7753e-01 1.2848e-08
3.2860e-01 3.7753e-01 1.2848e-08
3.2860e-01 3.7753e-01 1.2848e-08
3.2860e-01 3.7753e-01 1.2848e-08
3.2860e-01 3.7753e-01 1.2848e-08
3.2860e-01 3.7753e-01 1.2848e-08
3.2860e-01 3.7753e-01 1.2848e-08
3.2860e-01 3.7753e-01 1.2848e-08
3.2860e-01 3.7753e-01 1.2848e-08
3.2860e-01 3.7753e-01 1.2848e-08
3.2860e-01 3.7753e-01 1.2848e-08
3.2860e-01 3.7753e-01 1.2848e-08
3.2860e-01 3.7753e-01 1.2848e-08
3.2860e-01 3.7753e-01 1.2848e-08
3.2860e-01 3.7753e-01 1.2848e-08
3.2860e-01 3.7753e-01 1.2848e-08
3.2860e-01 3.7753e-01 1.2848e-08
3.2860e-01 3.7753e-01 1.2848e-08
3.2860e-01 3.7753e-01 1.2848e-08
3.2860e-01 3.7753e-01 1.2848e-08
3.2860e-01 3.7753e-01 1.2848e-08
3.2860e-01 3.7753e-01 1.2848e-08
3.2860e-01 3.7753e-01 1.2848e-08
3.2860e-01 3.7753e-01 1.2848e-08
3.2860e-01 3.7753e-01 1.2848e-08
3.2860e-01 3.7753e-01 1.2848e-08
3.2860e-01 3.7753e-01 1.2848e-08
3.2860e-01 3.7753e-01 1.2848e-08
3.2860e-01 3.7753e-01 1.2848e-08
3.2860e-01 3.7753e-01 1.2848e-08
3.2860e-01 3.7753e-01 1.2848e-08
3.2860e-01 3.7753e-01 1.2848e-08
3.2860e-01 3.7753e-01 1.2848e-08
3.2860e-01 3.7753e-01 1.2848e-08
3.2860e-01 3.7753e-01 1.2848e-08
3.2860e-01 3.7753e-01 1.2848e-08
3.2860e-01 3.7753e-01 1.2848e-08
3.2860e-01 3.7753e-01 1.2848e-08
3.2860e-01 3.7753e-01 1.2848e-08
3.2860e-01 3.7753e-01 1.2848e-08
3.2860e-01 3.7753e-01 1.2848e-08
3.2860e-01 3.7753e-01 1.2848e-08
3.2860e-01 3.7753e-01 1.2848e-08
3.2860e-01 3.7753e-01 1.2848e-08
3.2860e-01 3.7753e-01 1.2848e-08
3.2860e-01 3.7753e-01 1.2848e-08
3.2860e-01 3.7753e-01 1.2848e-08
3.2860e-01 3.7753e-01 1.2848e-08
3.2860e-01 3.7753e-01 1.2848e-08
3.2860e-01 3.7753e-01 1.2848e-08
3.2860e-01 3.7753e-01 1.2848e-08
3.2860e-01 3.7753e-01 1.2848e-08
3.2860e-01 3.7753e-01 1.2848e-08
3.2860e-01 3.7753e-01 1.2848e-08
3.2860e-01 3.7753e-01 1.2848e-08
3.2860e-01 3.7753e-01 1.2848e-08
3.2860e-01 3.7753e-01 1.2848e-08
3.2860e-01 3.7753e-01 1.2848e-08
3.2860e-01 3.7753e-01 1.2848e-08
3.2860e-01 3.7753e-01 1.2848e-08
3.2860e-01 3.7753e-01 1.2848e-08
3.2860e-01 3.7753e-01 1.2848e-08
3.2860e-01 3.7753e-01 1.2848e-08
3.2860e-01 3.7753e-01 1.2848e-08
3.2860e-01 3.7753e-01 1.2848e-08
3.2860e-01 3.7753e-01 1.2848e-08
3.2860e-01 3.7753e-01 1.2848e-08
3.2860e-01 3.7753e-01 1.2848e-08
3.2860e-01 3.7753e-01 1.2848e-08
3.2860e-01 3.7753e-01 1.2848e-08
3.2860e-01 3.7753e-01 1.2848e-08
3.2860e-01 3.7753e-01 1.2848e-08
3.2860e-01 3.7753e-01 1.2848e-08
3.2860e-01 3.7753e-01 1.2848e-08
3.2860e-01 3.7753e-01 1.2848e-08
3.2860e-01 3.7753e-01 1.2848e-08
3.2860e-01 3.7753e-01 1.2848e-08
3.2860e-01 3.7753e-01 1.2848e-08
3.2860e-01 3.7753e-01 1.2848e-08
3.2860e-01 3.7753e-01 1.2848e-08
3.2860e-01 3.7753e-01 1.2848e-08
3.2860e-01 3.7753e-01 1.2848e-08
3.2860e-01 3.7753e-01 1.2848e-08
3.2860e-01 3.7753e-01 1.2848e-08
3.2860e-01 3.7753e-01 1.2848e-08
3.2860e-01 3.7753e-01 1.2848e-08
3.2860e-01 3.7753e-01 1.2848e-08
3.2860e-01 3.7753e-01 1.2848e-08
3.2860e-01 3.7753e-01 1.2848e-08
3.2860e-01 3.7753e-01 1.2848e-08
3.2860e-01 3.7753e-01 1.2848e-08
3.2861e-01 3.7753e-01 1.2848e-08
3.2861e-01 3.7753e-01 1.2848e-08
3.2861e-01 3.7753e-01 1.2848e-08
3.2861e-01 3.7753e-01 1.2848e-08
3.2861e-01 3.7753e-01 1.2848e-08
3.2861e-01 3.7753e-01 1.2848e-08
3.2861e-01 3.7753e-01 1.2848e-08
3.2861e-01 3.7753e-01 1.2848e-08
3.2861e-01 3.7753e-01 1.2848e-08
3.2861e-01 3.7753e-01 1.2848e-08
3.2861e-01 3.7753e-01 1.2848e-08
3.2861e-01 3.7753e-01 1.2848e-08
3.2861e-01 3.7753e-01 1.2848e-08
3.2861e-01 3.7753e-01 1.2848e-08
3.2861e-01 3.7753e-01 1.2848e-08
3.2860e-01 3.7753e-01 1.2848e-08
3.2860e-01 3.7753e-01 1.2848e-08
3.2860e-01 3.7753e-01 1.2848e-08
3.2860e-01 3.7753e-01 1.2848e-08
3.2860e-01 3.7753e-01 1.2848e-08
3.2860e-01 3.7753e-01 1.2848e-08
3.2860e-01 3.7753e-01 1.2848e-08
3.2860e-01 3.7753e-01 1.2848e-08
3.2860e-01 3.7753e-01 1.2848e-08
3.2860e-01 3.7753e-01 1.2848e-08
3.2860e-01 3.7753e-01 1.2848e-08
3.2860e-01 3.7753e-01 1.2848e-08
3.2860e-01 3.7753e-01 1.2848e-08
3.2860e-01 3.7753e-01 1.2848e-08
3.2860e-01 3.7753e-01 1.2848e-08
3.2860e-01 3.7753e-01 1.2848e-08
3.2860e-01 3.7753e-01 1.2848e-08
3.2860e-01 3.7753e-01 1.2848e-08
3.2860e-01 3.7753e-01 1.2848e-08
3.2860e-01 3.7753e-01 1.2848e-08
3.2860e-01 3.7753e-01 1.2848e-08
3.2860e-01 3.7753e-01 1.2848e-08
3.2860e-01 3.7753e-01 1.2848e-08
3.2860e-01 3.7753e-01 1.2848e-08
3.2860e-01 3.7753e-01 1.2848e-08
3.2860e-01 3.7753e-01 1.2848e-08
3.2860e-01 3.7753e-01 1.2848e-08
3.2860e-01 3.7753e-01 1.2848e-08
3.2860e-01 3.7753e-01 1.2848e-08
3.2860e-01 3.7753e-01 1.2848e-08
3.2860e-01 3.7753e-01 1.2848e-08
3.2860e-01 3.7753e-01 1.2848e-08
3.2860e-01 3.7753e-01 1.2848e-08
3.2860e-01 3.7753e-01 1.2848e-08
3.2860e-01 3.7753e-01 1.2848e-08
3.2860e-01 3.7753e-01 1.2848e-08
3.2860e-01 3.7753e-01 1.2848e-08
3.2860e-01 3.7753e-01 1.2848e-08
3.2860e-01 3.7753e-01 1.2848e-08
3.2860e-01 3.7753e-01 1.2848e-08
3.2860e-01 3.7753e-01 1.2848e-08
3.2860e-01 3.7753e-01 1.2848e-08
3.2860e-01 3.7753e-01 1.2848e-08
3.2860e-01 3.7753e-01 1.2848e-08
3.2860e-01 3.7753e-01 1.2848e-08
3.2860e-01 3.7753e-01 1.2848e-08
3.2860e-01 3.7753e-01 1.2848e-08
3.2860e-01 3.7753e-01 1.2848e-08
3.2860e-01 3.7753e-01 1.2848e-08
3.2860e-01 3.7753e-01 1.2848e-08
3.2860e-01 3.7753e-01 1.2848e-08
3.2860e-01 3.7753e-01 1.2848e-08
3.2860e-01 3.7753e-01 1.2848e-08
3.2860e-01 3.7753e-01 1.2848e-08
3.2860e-01 3.7753e-01 1.2848e-08
3.2860e-01 3.7753e-01 1.2848e-08
3.2860e-01 3.7753e-01 1.2848e-08
3.2860e-01 3.7753e-01 1.2848e-08
3.2860e-01 3.7753e-01 1.2848e-08
3.2860e-01 3.7753e-01 1.2848e-08
3.2860e-01 3.7753e-01 1.2848e-08
3.2860e-01 3.7753e-01 1.2848e-08
3.2860e-01 3.7753e-01 1.2848e-08
3.2860e-01 3.7753e-01 1.2848e-08
3.2860e-01 3.7753e-01 1.2848e-08
3.2860e-01 3.7753e-01 1.2848e-08
3.2860e-01 3.7753e-01 1.2848e-08
3.2860e-01 3.7753e-01 1.2848e-08
3.2860e-01 3.7753e-01 1.2848e-08
3.2860e-01 3.7753e-01 1.2848e-08
3.2860e-01 3.7753e-01 1.2848e-08
3.2860e-01 3.7753e-01 1.2848e-08
3.2860e-01 3.7753e-01 1.2848e-08
3.2860e-01 3.7753e-01 1.2848e-08
3.2860e-01 3.7753e-01 1.2848e-08
3.2860e-01 3.7753e-01 1.2848e-08
3.2860e-01 3.7753e-01 1.2848e-08
3.2860e-01 3.7753e-01 1.2848e-08
3.2860e-01 3.7753e-01 1.2848e-08
3.2860e-01 3.7753e-01 1.2848e-08
3.2860e-01 3.7753e-01 1.2848e-08
3.2860e-01 3.7753e-01 1.2848e-08
3.2860e-01 3.7753e-01 1.2848e-08
3.2860e-01 3.7753e-01 1.2848e-08
3.2860e-01 3.7753e-01 1.2848e-08
3.2860e-01 3.7753e-01 1.2848e-08
3.2860e-01 3.7753e-01 1.2848e-08
3.2860e-01 3.7753e-01 1.2848e-08
3.2860e-01 3.7753e-01 1.2848e-08
3.2860e-01 3.7753e-01 1.2848e-08
3.2860e-01 3.7753e-01 1.2848e-08
3.2860e-01 3.7753e-01 1.2848e-08
3.2860e-01 3.7753e-01 1.2848e-08
3.2860e-01 3.7753e-01 1.2848e-08
3.2860e-01 3.7753e-01 1.2848e-08
3.2860e-01 3.7753e-01 1.2848e-08
3.2860e-01 3.7753e-01 1.2848e-08
3.2860e-01 3.7753e-01 1.2848e-08
3.2860e-01 3.7753e-01 1.2848e-08
3.2860e-01 3.7753e-01 1.2848e-08
3.2860e-01 3.7753e-01 1.2848e-08
3.2860e-01 3.7753e-01 1.2848e-08
3.2860e-01 3.7753e-01 1.2848e-08
3.2860e-01 3.7753e-01 1.2848e-08
3.2860e-01 3.7753e-01 1.2848e-08
3.2860e-01 3.7753e-01 1.2848e-08
3.2860e-01 3.7753e-01 1.2848e-08
3.2860e-01 3.7753e-01 1.2848e-08
3.2860e-01 3.7753e-01 1.2848e-08
3.2860e-01 3.7753e-01 1.2848e-08
3.2860e-01 3.7753e-01 1.2848e-08
3.2860e-01 3.7753e-01 1.2848e-08
3.2860e-01 3.7753e-01 1.2848e-08
3.2860e-01 3.7753e-01 1.2848e-08
3.2860e-01 3.7753e-01 1.2848e-08
3.2860e-01 3.7752e-01 1.2848e-08
3.2860e-01 3.7752e-01 1.2848e-08
3.2860e-01 3.7752e-01 1.2848e-08
3.2860e-01 3.7752e-01 1.2848e-08
3.2860e-01 3.7752e-01 1.2848e-08
3.2860e-01 3.7752e-01 1.2848e-08
3.2860e-01 3.7752e-01 1.2848e-08
3.2860e-01 3.7752e-01 1.2848e-08
3.2860e-01 3.7752e-01 1.2848e-08
3.2860e-01 3.7752e-01 1.2848e-08
3.2860e-01 3.7752e-01 1.2848e-08
3.2860e-01 3.7752e-01 1.2848e-08
3.2860e-01 3.7752e-01 1.2848e-08
3.2860e-01 3.7752e-01 1.2848e-08
3.2860e-01 3.7752e-01 1.2848e-08
3.2860e-01 3.7752e-01 1.2848e-08
3.2860e-01 3.7752e-01 1.2848e-08
3.2860e-01 3.7752e-01 1.2848e-08
3.2860e-01 3.7752e-01 1.2848e-08
3.2860e-01 3.7752e-01 1.2848e-08
3.2860e-01 3.7752e-01 1.2848e-08
3.2860e-01 3.7752e-01 1.2848e-08
3.2860e-01 3.7752e-01 1.2848e-08
3.2860e-01 3.7752e-01 1.2848e-08
3.2860e-01 3.7752e-01 1.2848e-08
3.2860e-01 3.7752e-01 1.2848e-08
3.2860e-01 3.7752e-01 1.2848e-08
3.2860e-01 3.7752e-01 1.2848e-08
3.2860e-01 3.7752e-01 1.2848e-08
3.2860e-01 3.7752e-01 1.2848e-08
3.2860e-01 3.7752e-01 1.2848e-08
3.2860e-01 3.7752e-01 1.2848e-08
3.2860e-01 3.7752e-01 1.2848e-08
3.2860e-01 3.7752e-01 1.2848e-08
3.2860e-01 3.7752e-01 1.2848e-08
3.2860e-01 3.7752e-01 1.2848e-08
3.2860e-01 3.7752e-01 1.2848e-08
3.2860e-01 3.7752e-01 1.2848e-08
3.2860e-01 3.7752e-01 1.2848e-08
3.2860e-01 3.7752e-01 1.2848e-08
3.2860e-01 3.7752e-01 1.2848e-08
3.2860e-01 3.7752e-01 1.2848e-08
3.2860e-01 3.7752e-01 1.2848e-08
3.2860e-01 3.7752e-01 1.2848e-08
3.2860e-01 3.7752e-01 1.2848e-08
3.2860e-01 3.7752e-01 1.2848e-08
3.2860e-01 3.7752e-01 1.2848e-08
3.2860e-01 3.7752e-01 1.2848e-08
3.2860e-01 3.7752e-01 1.2848e-08
3.2860e-01 3.7752e-01 1.2848e-08
3.2860e-01 3.7752e-01 1.2848e-08
3.2860e-01 3.7752e-01 1.2848e-08
3.2860e-01 3.7752e-01 1.2848e-08
3.2860e-01 3.7752e-01 1.2848e-08
3.2860e-01 3.7752e-01 1.2848e-08
3.2860e-01 3.7752e-01 1.2848e-08
3.2860e-01 3.7752e-01 1.2848e-08
3.2860e-01 3.7752e-01 1.2848e-08
3.2860e-01 3.7752e-01 1.2848e-08
3.2860e-01 3.7752e-01 1.2848e-08
3.2860e-01 3.7752e-01 1.2848e-08
3.2860e-01 3.7752e-01 1.2848e-08
3.2860e-01 3.7752e-01 1.2848e-08
3.2860e-01 3.7752e-01 1.2848e-08
3.2860e-01 3.7752e-01 1.2848e-08
3.2860e-01 3.7752e-01 1.2848e-08
3.2860e-01 3.7752e-01 1.2848e-08
3.2860e-01 3.7752e-01 1.2848e-08
3.2860e-01 3.7752e-01 1.2848e-08
3.2860e-01 3.7752e-01 1.2848e-08
3.2860e-01 3.7752e-01 1.2848e-08
3.2860e-01 3.7752e-01 1.2848e-08
3.2860e-01 3.7752e-01 1.2848e-08
3.2860e-01 3.7752e-01 1.2848e-08
3.2860e-01 3.7753e-01 1.2848e-08
3.2860e-01 3.7753e-01 1.2848e-08
3.2860e-01 3.7753e-01 1.2848e-08
3.2860e-01 3.7753e-01 1.2848e-08
3.2860e-01 3.7753e-01 1.2848e-08
3.2860e-01 3.7753e-01 1.2848e-08
3.2859e-01 3.7753e-01 1.2848e-08
3.2859e-01 3.7753e-01 1.2848e-08
3.2859e-01 3.7753e-01 1.2848e-08
3.2859e-01 3.7753e-01 1.2848e-08
3.2859e-01 3.7753e-01 1.2848e-08
3.2859e-01 3.7753e-01 1.2848e-08
3.2859e-01 3.7753e-01 1.2848e-08
3.2859e-01 3.7753e-01 1.2848e-08
3.2859e-01 3.7753e-01 1.2848e-08
3.2859e-01 3.7753e-01 1.2848e-08
3.2859e-01 3.7753e-01 1.2848e-08
3.2859e-01 3.7753e-01 1.2848e-08
3.2859e-01 3.7753e-01 1.2848e-08
3.2859e-01 3.7753e-01 1.2848e-08
3.2859e-01 3.7753e-01 1.2848e-08
3.2859e-01 3.7753e-01 1.2848e-08
3.2859e-01 3.7753e-01 1.2848e-08
3.2859e-01 3.7753e-01 1.2848e-08
3.2859e-01 3.7753e-01 1.2848e-08
3.2859e-01 3.7753e-01 1.2848e-08
3.2859e-01 3.7753e-01 1.2848e-08
3.2859e-01 3.7753e-01 1.2848e-08
3.2859e-01 3.7753e-01 1.2848e-08
3.2859e-01 3.7753e-01 1.2848e-08
3.2859e-01 3.7753e-01 1.2848e-08
3.2859e-01 3.7753e-01 1.2848e-08
3.2859e-01 3.7753e-01 1.2848e-08
3.2859e-01 3.7753e-01 1.2848e-08
3.2859e-01 3.7753e-01 1.2848e-08
3.2859e-01 3.7753e-01 1.2848e-08
3.2860e-01 3.7753e-01 1.2848e-08
3.2860e-01 3.7753e-01 1.2848e-08
3.2860e-01 3.7753e-01 1.2848e-08
3.2860e-01 3.7753e-01 1.2848e-08
3.2860e-01 3.7753e-01 1.2848e-08
3.2860e-01 3.7753e-01 1.2848e-08
3.2860e-01 3.7753e-01 1.2848e-08
3.2860e-01 3.7753e-01 1.2848e-08
3.2860e-01 3.7753e-01 1.2848e-08
3.2860e-01 3.7753e-01 1.2848e-08
3.2860e-01 3.7753e-01 1.2848e-08
3.2860e-01 3.7753e-01 1.2848e-08
3.2860e-01 3.7753e-01 1.2848e-08
3.2860e-01 3.7753e-01 1.2848e-08
3.2860e-01 3.7753e-01 1.2848e-08
3.2859e-01 3.7753e-01 1.2848e-08
3.2859e-01 3.7753e-01 1.2848e-08
3.2859e-01 3.7753e-01 1.2848e-08
3.2859e-01 3.7753e-01 1.2848e-08
3.2859e-01 3.7753e-01 1.2848e-08
3.2859e-01 3.7753e-01 1.2848e-08
3.2859e-01 3.7753e-01 1.2848e-08
3.2860e-01 3.7753e-01 1.2848e-08
3.2860e-01 3.7752e-01 1.2848e-08
3.2860e-01 3.7752e-01 1.2848e-08
3.2860e-01 3.7752e-01 1.2848e-08
3.2860e-01 3.7752e-01 1.2848e-08
3.2860e-01 3.7752e-01 1.2848e-08
3.2860e-01 3.7752e-01 1.2848e-08
3.2860e-01 3.7752e-01 1.2848e-08
3.2860e-01 3.7752e-01 1.2848e-08
3.2860e-01 3.7752e-01 1.2848e-08
3.2860e-01 3.7752e-01 1.2848e-08
3.2860e-01 3.7752e-01 1.2848e-08
3.2860e-01 3.7752e-01 1.2848e-08
3.2860e-01 3.7752e-01 1.2848e-08
3.2860e-01 3.7752e-01 1.2848e-08
3.2860e-01 3.7752e-01 1.2848e-08
3.2860e-01 3.7752e-01 1.2848e-08
3.2860e-01 3.7752e-01 1.2848e-08
3.2860e-01 3.7752e-01 1.2848e-08
3.2860e-01 3.7752e-01 1.2848e-08
3.2860e-01 3.7752e-01 1.2848e-08
3.2859e-01 3.7752e-01 1.2848e-08
3.2859e-01 3.7752e-01 1.2848e-08
3.2859e-01 3.7752e-01 1.2848e-08
3.2859e-01 3.7752e-01 1.2848e-08
3.2859e-01 3.7752e-01 1.2848e-08
3.2859e-01 3.7752e-01 1.2848e-08
3.2859e-01 3.7752e-01 1.2848e-08
3.2859e-01 3.7752e-01 1.2848e-08
3.2859e-01 3.7752e-01 1.2848e-08
3.2859e-01 3.7752e-01 1.2848e-08
3.2859e-01 3.7752e-01 1.2848e-08
3.2859e-01 3.7752e-01 1.2848e-08
3.2859e-01 3.7752e-01 1.2848e-08
3.2859e-01 3.7752e-01 1.2848e-08
3.2859e-01 3.7752e-01 1.2848e-08
3.2859e-01 3.7752e-01 1.2848e-08
3.2859e-01 3.7752e-01 1.2848e-08
3.2859e-01 3.7752e-01 1.2848e-08
3.2859e-01 3.7752e-01 1.2848e-08
3.2859e-01 3.7752e-01 1.2848e-08
3.2859e-01 3.7752e-01 1.2848e-08
3.2859e-01 3.7752e-01 1.2848e-08
3.2859e-01 3.7752e-01 1.2848e-08
3.2859e-01 3.7753e-01 1.2848e-08
3.2859e-01 3.7753e-01 1.2848e-08
3.2859e-01 3.7753e-01 1.2848e-08
3.2859e-01 3.7753e-01 1.2848e-08
3.2859e-01 3.7753e-01 1.2848e-08
3.2859e-01 3.7753e-01 1.2848e-08
3.2859e-01 3.7753e-01 1.2848e-08
3.2859e-01 3.7753e-01 1.2848e-08
3.2859e-01 3.7753e-01 1.2848e-08
3.2859e-01 3.7753e-01 1.2848e-08
3.2859e-01 3.7753e-01 1.2848e-08
3.2859e-01 3.7753e-01 1.2848e-08
3.2859e-01 3.7753e-01 1.2848e-08
3.2859e-01 3.7753e-01 1.2848e-08
3.2859e-01 3.7753e-01 1.2848e-08
3.2859e-01 3.7753e-01 1.2848e-08
3.2859e-01 3.7753e-01 1.2848e-08
3.2859e-01 3.7753e-01 1.2848e-08
3.2859e-01 3.7753e-01 1.2848e-08
3.2859e-01 3.7753e-01 1.2848e-08
3.2859e-01 3.7753e-01 1.2848e-08
3.2859e-01 3.7753e-01 1.2848e-08
3.2859e-01 3.7753e-01 1.2848e-08
3.2859e-01 3.7753e-01 1.2848e-08
3.2859e-01 3.7753e-01 1.2848e-08
3.2859e-01 3.7753e-01 1.2848e-08
3.2859e-01 3.7753e-01 1.2848e-08
3.2859e-01 3.7753e-01 1.2848e-08
3.2859e-01 3.7753e-01 1.2848e-08
3.2859e-01 3.7753e-01 1.2848e-08
3.2859e-01 3.7753e-01 1.2848e-08
3.2859e-01 3.7753e-01 1.2848e-08
3.2859e-01 3.7753e-01 1.2848e-08
3.2859e-01 3.7753e-01 1.2848e-08
3.2859e-01 3.7753e-01 1.2848e-08
3.2859e-01 3.7753e-01 1.2848e-08
3.2859e-01 3.7753e-01 1.2848e-08
3.2859e-01 3.7753e-01 1.2848e-08
3.2859e-01 3.7753e-01 1.2848e-08
3.2859e-01 3.7753e-01 1.2848e-08
3.2859e-01 3.7753e-01 1.2848e-08
3.2859e-01 3.7753e-01 1.2848e-08
3.2859e-01 3.7753e-01 1.2848e-08
3.2859e-01 3.7753e-01 1.2848e-08
3.2859e-01 3.7753e-01 1.2848e-08
3.2859e-01 3.7753e-01 1.2848e-08
3.2859e-01 3.7753e-01 1.2848e-08
3.2859e-01 3.7753e-01 1.2848e-08
3.2858e-01 3.7753e-01 1.2848e-08
3.2858e-01 3.7753e-01 1.2848e-08
3.2858e-01 3.7753e-01 1.2848e-08
3.2858e-01 3.7753e-01 1.2848e-08
3.2858e-01 3.7753e-01 1.2848e-08
3.2858e-01 3.7753e-01 1.2848e-08
3.2858e-01 3.7753e-01 1.2848e-08
3.2858e-01 3.7753e-01 1.2848e-08
3.2858e-01 3.7753e-01 1.2848e-08
3.2858e-01 3.7753e-01 1.2848e-08
3.2858e-01 3.7753e-01 1.2848e-08
3.2858e-01 3.7753e-01 1.2848e-08
3.2858e-01 3.7753e-01 1.2848e-08
3.2858e-01 3.7753e-01 1.2848e-08
3.2858e-01 3.7753e-01 1.2848e-08
3.2858e-01 3.7753e-01 1.2848e-08
3.2858e-01 3.7753e-01 1.2848e-08
3.2858e-01 3.7753e-01 1.2848e-08
3.2858e-01 3.7753e-01 1.2848e-08
3.2858e-01 3.7753e-01 1.2848e-08
3.2858e-01 3.7753e-01 1.2848e-08
3.2858e-01 3.7753e-01 1.2848e-08
3.2858e-01 3.7753e-01 1.2848e-08
3.2858e-01 3.7753e-01 1.2848e-08
3.2858e-01 3.7753e-01 1.2848e-08
3.2858e-01 3.7753e-01 1.2848e-08
3.2858e-01 3.7753e-01 1.2848e-08
3.2858e-01 3.7753e-01 1.2848e-08
3.2858e-01 3.7753e-01 1.2848e-08
3.2858e-01 3.7753e-01 1.2848e-08
3.2858e-01 3.7753e-01 1.2848e-08
3.2858e-01 3.7753e-01 1.2848e-08
3.2858e-01 3.7753e-01 1.2848e-08
3.2858e-01 3.7753e-01 1.2848e-08
3.2858e-01 3.7753e-01 1.2848e-08
3.2858e-01 3.7753e-01 1.2848e-08
3.2858e-01 3.7753e-01 1.2848e-08
3.2858e-01 3.7753e-01 1.2848e-08
3.2858e-01 3.7753e-01 1.2848e-08
3.2858e-01 3.7753e-01 1.2848e-08
3.2858e-01 3.7753e-01 1.2848e-08
3.2858e-01 3.7753e-01 1.2848e-08
3.2858e-01 3.7753e-01 1.2848e-08
3.2858e-01 3.7753e-01 1.2848e-08
3.2858e-01 3.7753e-01 1.2848e-08
3.2858e-01 3.7753e-01 1.2848e-08
3.2858e-01 3.7753e-01 1.2848e-08
3.2858e-01 3.7753e-01 1.2848e-08
3.2858e-01 3.7753e-01 1.2848e-08
3.2858e-01 3.7752e-01 1.2848e-08
3.2858e-01 3.7752e-01 1.2848e-08
3.2858e-01 3.7752e-01 1.2848e-08
3.2858e-01 3.7752e-01 1.2848e-08
3.2858e-01 3.7752e-01 1.2848e-08
3.2858e-01 3.7752e-01 1.2848e-08
3.2858e-01 3.7752e-01 1.2848e-08
3.2858e-01 3.7752e-01 1.2848e-08
3.2858e-01 3.7752e-01 1.2848e-08
3.2858e-01 3.7752e-01 1.2848e-08
3.2858e-01 3.7752e-01 1.2848e-08
3.2858e-01 3.7752e-01 1.2848e-08
3.2858e-01 3.7752e-01 1.2848e-08
3.2858e-01 3.7752e-01 1.2848e-08
3.2858e-01 3.7752e-01 1.2848e-08
3.2858e-01 3.7752e-01 1.2848e-08
3.2858e-01 3.7752e-01 1.2848e-08
3.2858e-01 3.7752e-01 1.2848e-08
3.2858e-01 3.7752e-01 1.2848e-08
3.2858e-01 3.7752e-01 1.2848e-08
3.2858e-01 3.7752e-01 1.2848e-08
3.2858e-01 3.7752e-01 1.2848e-08
3.2858e-01 3.7752e-01 1.2848e-08
3.2858e-01 3.7752e-01 1.2848e-08
3.2858e-01 3.7752e-01 1.2848e-08
3.2858e-01 3.7752e-01 1.2848e-08
3.2858e-01 3.7752e-01 1.2848e-08
3.2858e-01 3.7752e-01 1.2848e-08
3.2858e-01 3.7752e-01 1.2848e-08
3.2858e-01 3.7752e-01 1.2848e-08
3.2858e-01 3.7752e-01 1.2848e-08
3.2858e-01 3.7752e-01 1.2848e-08
3.2858e-01 3.7752e-01 1.2848e-08
3.2858e-01 3.7752e-01 1.2848e-08
3.2858e-01 3.7752e-01 1.2848e-08
3.2858e-01 3.7752e-01 1.2848e-08
3.2858e-01 3.7752e-01 1.2848e-08
3.2858e-01 3.7752e-01 1.2848e-08
3.2858e-01 3.7752e-01 1.2848e-08
3.2858e-01 3.7752e-01 1.2848e-08
3.2858e-01 3.7752e-01 1.2848e-08
3.2858e-01 3.7752e-01 1.2848e-08
3.2858e-01 3.7752e-01 1.2848e-08
3.2858e-01 3.7752e-01 1.2848e-08
3.2858e-01 3.7752e-01 1.2848e-08
3.2858e-01 3.7752e-01 1.2848e-08
3.2858e-01 3.7752e-01 1.2848e-08
3.2858e-01 3.7752e-01 1.2848e-08
3.2858e-01 3.7752e-01 1.2848e-08
3.2858e-01 3.7753e-01 1.2848e-08
3.2858e-01 3.7753e-01 1.2848e-08
3.2858e-01 3.7753e-01 1.2848e-08
3.2858e-01 3.7753e-01 1.2848e-08
3.2858e-01 3.7753e-01 1.2848e-08
3.2858e-01 3.7753e-01 1.2848e-08
3.2858e-01 3.7753e-01 1.2848e-08
3.2858e-01 3.7753e-01 1.2848e-08
3.2858e-01 3.7753e-01 1.2848e-08
3.2858e-01 3.7753e-01 1.2848e-08
3.2858e-01 3.7753e-01 1.2848e-08
3.2858e-01 3.7753e-01 1.2848e-08
3.2858e-01 3.7753e-01 1.2848e-08
3.2858e-01 3.7753e-01 1.2848e-08
3.2858e-01 3.7753e-01 1.2848e-08
3.2858e-01 3.7753e-01 1.2848e-08
3.2857e-01 3.7753e-01 1.2848e-08
3.2857e-01 3.7753e-01 1.2848e-08
3.2857e-01 3.7753e-01 1.2848e-08
3.2857e-01 3.7753e-01 1.2848e-08
3.2857e-01 3.7753e-01 1.2848e-08
3.2857e-01 3.7753e-01 1.2848e-08
3.2857e-01 3.7753e-01 1.2848e-08
3.2857e-01 3.7753e-01 1.2848e-08
3.2857e-01 3.7753e-01 1.2848e-08
3.2857e-01 3.7753e-01 1.2848e-08
3.2857e-01 3.7753e-01 1.2848e-08
3.2857e-01 3.7753e-01 1.2848e-08
3.2857e-01 3.7753e-01 1.2848e-08
3.2857e-01 3.7753e-01 1.2848e-08
3.2857e-01 3.7753e-01 1.2848e-08
3.2857e-01 3.7753e-01 1.2848e-08
3.2857e-01 3.7753e-01 1.2848e-08
3.2857e-01 3.7753e-01 1.2848e-08
3.2857e-01 3.7753e-01 1.2848e-08
3.2857e-01 3.7753e-01 1.2848e-08
3.2857e-01 3.7753e-01 1.2848e-08
3.2857e-01 3.7753e-01 1.2848e-08
3.2857e-01 3.7753e-01 1.2848e-08
3.2857e-01 3.7754e-01 1.2848e-08
3.2857e-01 3.7754e-01 1.2848e-08
3.2857e-01 3.7754e-01 1.2848e-08
3.2857e-01 3.7753e-01 1.2848e-08
3.2857e-01 3.7754e-01 1.2848e-08
3.2857e-01 3.7753e-01 1.2848e-08
3.2857e-01 3.7753e-01 1.2848e-08
3.2857e-01 3.7753e-01 1.2848e-08
3.2857e-01 3.7753e-01 1.2848e-08
3.2857e-01 3.7753e-01 1.2848e-08
3.2857e-01 3.7753e-01 1.2848e-08
3.2857e-01 3.7754e-01 1.2848e-08
3.2857e-01 3.7754e-01 1.2848e-08
3.2857e-01 3.7754e-01 1.2848e-08
3.2857e-01 3.7754e-01 1.2848e-08
3.2857e-01 3.7754e-01 1.2848e-08
3.2857e-01 3.7754e-01 1.2848e-08
3.2857e-01 3.7754e-01 1.2848e-08
3.2857e-01 3.7754e-01 1.2848e-08
3.2857e-01 3.7754e-01 1.2848e-08
3.2857e-01 3.7754e-01 1.2848e-08
3.2857e-01 3.7754e-01 1.2848e-08
3.2857e-01 3.7754e-01 1.2848e-08
3.2857e-01 3.7754e-01 1.2848e-08
3.2857e-01 3.7754e-01 1.2848e-08
3.2857e-01 3.7754e-01 1.2848e-08
3.2857e-01 3.7754e-01 1.2848e-08
3.2857e-01 3.7754e-01 1.2848e-08
3.2857e-01 3.7754e-01 1.2848e-08
3.2857e-01 3.7754e-01 1.2848e-08
3.2857e-01 3.7754e-01 1.2848e-08
3.2857e-01 3.7754e-01 1.2848e-08
3.2857e-01 3.7754e-01 1.2848e-08
3.2857e-01 3.7754e-01 1.2848e-08
3.2857e-01 3.7754e-01 1.2848e-08
3.2857e-01 3.7754e-01 1.2848e-08
3.2857e-01 3.7754e-01 1.2848e-08
3.2857e-01 3.7754e-01 1.2848e-08
3.2857e-01 3.7754e-01 1.2848e-08
3.2857e-01 3.7754e-01 1.2848e-08
3.2857e-01 3.7754e-01 1.2848e-08
3.2857e-01 3.7754e-01 1.2848e-08
3.2856e-01 3.7754e-01 1.2848e-08
3.2856e-01 3.7754e-01 1.2848e-08
3.2856e-01 3.7754e-01 1.2848e-08
3.2856e-01 3.7754e-01 1.2848e-08
3.2856e-01 3.7754e-01 1.2848e-08
3.2856e-01 3.7754e-01 1.2848e-08
3.2856e-01 3.7754e-01 1.2848e-08
3.2856e-01 3.7754e-01 1.2848e-08
3.2856e-01 3.7754e-01 1.2848e-08
3.2856e-01 3.7754e-01 1.2848e-08
3.2856e-01 3.7754e-01 1.2848e-08
3.2856e-01 3.7754e-01 1.2848e-08
3.2856e-01 3.7754e-01 1.2848e-08
3.2856e-01 3.7754e-01 1.2848e-08
3.2856e-01 3.7754e-01 1.2848e-08
3.2856e-01 3.7754e-01 1.2848e-08
3.2856e-01 3.7754e-01 1.2848e-08
3.2856e-01 3.7754e-01 1.2848e-08
3.2856e-01 3.7754e-01 1.2848e-08
3.2856e-01 3.7754e-01 1.2848e-08
3.2856e-01 3.7754e-01 1.2848e-08
3.2856e-01 3.7754e-01 1.2848e-08
3.2856e-01 3.7754e-01 1.2848e-08
3.2856e-01 3.7754e-01 1.2848e-08
3.2856e-01 3.7754e-01 1.2848e-08
3.2856e-01 3.7754e-01 1.2848e-08
3.2856e-01 3.7754e-01 1.2848e-08
3.2856e-01 3.7754e-01 1.2848e-08
3.2856e-01 3.7754e-01 1.2848e-08
3.2856e-01 3.7754e-01 1.2848e-08
3.2856e-01 3.7754e-01 1.2848e-08
3.2856e-01 3.7754e-01 1.2848e-08
3.2856e-01 3.7754e-01 1.2848e-08
3.2856e-01 3.7754e-01 1.2848e-08
3.2856e-01 3.7754e-01 1.2848e-08
3.2856e-01 3.7754e-01 1.2848e-08
3.2856e-01 3.7754e-01 1.2848e-08
3.2856e-01 3.7754e-01 1.2848e-08
3.2856e-01 3.7754e-01 1.2848e-08
3.2856e-01 3.7754e-01 1.2848e-08
3.2856e-01 3.7754e-01 1.2848e-08
3.2856e-01 3.7754e-01 1.2848e-08
3.2856e-01 3.7754e-01 1.2848e-08
3.2856e-01 3.7754e-01 1.2848e-08
3.2856e-01 3.7754e-01 1.2848e-08
3.2856e-01 3.7754e-01 1.2848e-08
3.2856e-01 3.7754e-01 1.2848e-08
3.2856e-01 3.7754e-01 1.2848e-08
3.2856e-01 3.7754e-01 1.2848e-08
3.2856e-01 3.7754e-01 1.2848e-08
3.2856e-01 3.7754e-01 1.2848e-08
3.2856e-01 3.7754e-01 1.2848e-08
3.2856e-01 3.7754e-01 1.2848e-08
3.2856e-01 3.7754e-01 1.2848e-08
3.2856e-01 3.7754e-01 1.2848e-08
3.2856e-01 3.7754e-01 1.2848e-08
3.2856e-01 3.7754e-01 1.2848e-08
3.2856e-01 3.7754e-01 1.2848e-08
3.2856e-01 3.7754e-01 1.2848e-08
3.2856e-01 3.7754e-01 1.2848e-08
3.2855e-01 3.7754e-01 1.2848e-08
3.2855e-01 3.7754e-01 1.2848e-08
3.2855e-01 3.7754e-01 1.2848e-08
3.2855e-01 3.7754e-01 1.2848e-08
3.2855e-01 3.7754e-01 1.2848e-08
3.2855e-01 3.7754e-01 1.2848e-08
3.2855e-01 3.7754e-01 1.2848e-08
3.2855e-01 3.7754e-01 1.2848e-08
3.2855e-01 3.7754e-01 1.2848e-08
3.2855e-01 3.7754e-01 1.2848e-08
3.2855e-01 3.7754e-01 1.2848e-08
3.2855e-01 3.7755e-01 1.2848e-08
3.2855e-01 3.7755e-01 1.2848e-08
3.2855e-01 3.7755e-01 1.2848e-08
3.2855e-01 3.7755e-01 1.2848e-08
3.2855e-01 3.7755e-01 1.2848e-08
3.2855e-01 3.7755e-01 1.2848e-08
3.2855e-01 3.7755e-01 1.2848e-08
3.2855e-01 3.7755e-01 1.2848e-08
3.2855e-01 3.7755e-01 1.2848e-08
3.2855e-01 3.7755e-01 1.2848e-08
3.2855e-01 3.7755e-01 1.2848e-08
3.2855e-01 3.7755e-01 1.2848e-08
3.2855e-01 3.7755e-01 1.2848e-08
3.2855e-01 3.7755e-01 1.2848e-08
3.2855e-01 3.7755e-01 1.2848e-08
3.2855e-01 3.7755e-01 1.2848e-08
3.2855e-01 3.7755e-01 1.2848e-08
3.2855e-01 3.7755e-01 1.2848e-08
3.2855e-01 3.7755e-01 1.2848e-08
3.2855e-01 3.7755e-01 1.2848e-08
3.2855e-01 3.7755e-01 1.2848e-08
3.2855e-01 3.7755e-01 1.2848e-08
3.2855e-01 3.7755e-01 1.2848e-08
3.2855e-01 3.7755e-01 1.2848e-08
3.2855e-01 3.7755e-01 1.2848e-08
3.2855e-01 3.7755e-01 1.2848e-08
3.2855e-01 3.7755e-01 1.2848e-08
3.2855e-01 3.7755e-01 1.2848e-08
3.2855e-01 3.7755e-01 1.2848e-08
3.2855e-01 3.7755e-01 1.2848e-08
3.2855e-01 3.7755e-01 1.2848e-08
3.2855e-01 3.7755e-01 1.2848e-08
3.2855e-01 3.7755e-01 1.2848e-08
3.2855e-01 3.7755e-01 1.2848e-08
3.2855e-01 3.7755e-01 1.2848e-08
3.2855e-01 3.7755e-01 1.2848e-08
3.2855e-01 3.7755e-01 1.2848e-08
3.2855e-01 3.7755e-01 1.2848e-08
3.2855e-01 3.7755e-01 1.2848e-08
3.2855e-01 3.7755e-01 1.2848e-08
3.2855e-01 3.7755e-01 1.2848e-08
3.2855e-01 3.7755e-01 1.2848e-08
3.2855e-01 3.7755e-01 1.2848e-08
3.2855e-01 3.7755e-01 1.2848e-08
3.2855e-01 3.7755e-01 1.2848e-08
3.2855e-01 3.7755e-01 1.2848e-08
3.2855e-01 3.7755e-01 1.2848e-08
3.2855e-01 3.7755e-01 1.2848e-08
3.2855e-01 3.7755e-01 1.2848e-08
3.2855e-01 3.7755e-01 1.2848e-08
3.2855e-01 3.7755e-01 1.2848e-08
3.2855e-01 3.7755e-01 1.2848e-08
3.2855e-01 3.7755e-01 1.2848e-08
3.2855e-01 3.7755e-01 1.2848e-08
3.2855e-01 3.7755e-01 1.2848e-08
3.2855e-01 3.7755e-01 1.2848e-08
3.2855e-01 3.7755e-01 1.2848e-08
3.2855e-01 3.7755e-01 1.2848e-08
3.2855e-01 3.7755e-01 1.2848e-08
3.2855e-01 3.7755e-01 1.2848e-08
3.2855e-01 3.7755e-01 1.2848e-08
3.2854e-01 3.7755e-01 1.2848e-08
3.2854e-01 3.7755e-01 1.2848e-08
3.2854e-01 3.7755e-01 1.2848e-08
3.2854e-01 3.7755e-01 1.2848e-08
3.2854e-01 3.7755e-01 1.2848e-08
3.2854e-01 3.7755e-01 1.2848e-08
3.2854e-01 3.7755e-01 1.2848e-08
3.2854e-01 3.7755e-01 1.2848e-08
3.2854e-01 3.7755e-01 1.2848e-08
3.2854e-01 3.7755e-01 1.2848e-08
3.2854e-01 3.7755e-01 1.2848e-08
3.2854e-01 3.7755e-01 1.2848e-08
3.2854e-01 3.7755e-01 1.2848e-08
3.2854e-01 3.7755e-01 1.2848e-08
3.2854e-01 3.7756e-01 1.2848e-08
3.2854e-01 3.7756e-01 1.2848e-08
3.2854e-01 3.7756e-01 1.2848e-08
3.2854e-01 3.7756e-01 1.2848e-08
3.2854e-01 3.7756e-01 1.2848e-08
3.2854e-01 3.7756e-01 1.2848e-08
3.2854e-01 3.7756e-01 1.2848e-08
3.2854e-01 3.7756e-01 1.2848e-08
3.2854e-01 3.7756e-01 1.2848e-08
3.2854e-01 3.7756e-01 1.2848e-08
3.2854e-01 3.7756e-01 1.2848e-08
3.2854e-01 3.7756e-01 1.2848e-08
3.2854e-01 3.7756e-01 1.2848e-08
3.2854e-01 3.7756e-01 1.2848e-08
3.2854e-01 3.7756e-01 1.2848e-08
3.2854e-01 3.7756e-01 1.2848e-08
3.2854e-01 3.7756e-01 1.2848e-08
3.2854e-01 3.7756e-01 1.2848e-08
3.2854e-01 3.7756e-01 1.2848e-08
3.2854e-01 3.7756e-01 1.2848e-08
3.2854e-01 3.7756e-01 1.2848e-08
3.2854e-01 3.7756e-01 1.2848e-08
3.2854e-01 3.7756e-01 1.2848e-08
3.2854e-01 3.7756e-01 1.2848e-08
3.2854e-01 3.7756e-01 1.2848e-08
3.2854e-01 3.7756e-01 1.2848e-08
3.2854e-01 3.7756e-01 1.2848e-08
3.2854e-01 3.7756e-01 1.2848e-08
3.2854e-01 3.7756e-01 1.2848e-08
3.2854e-01 3.7756e-01 1.2848e-08
3.2854e-01 3.7756e-01 1.2848e-08
3.2854e-01 3.7756e-01 1.2848e-08
3.2854e-01 3.7756e-01 1.2848e-08
3.2854e-01 3.7756e-01 1.2848e-08
3.2854e-01 3.7756e-01 1.2848e-08
3.2854e-01 3.7756e-01 1.2848e-08
3.2854e-01 3.7756e-01 1.2848e-08
3.2854e-01 3.7756e-01 1.2848e-08
3.2854e-01 3.7756e-01 1.2848e-08
3.2854e-01 3.7756e-01 1.2848e-08
3.2854e-01 3.7756e-01 1.2848e-08
3.2854e-01 3.7756e-01 1.2848e-08
3.2854e-01 3.7756e-01 1.2848e-08
3.2854e-01 3.7756e-01 1.2848e-08
3.2854e-01 3.7756e-01 1.2848e-08
3.2854e-01 3.7756e-01 1.2848e-08
3.2854e-01 3.7756e-01 1.2848e-08
3.2854e-01 3.7756e-01 1.2848e-08
3.2854e-01 3.7756e-01 1.2848e-08
3.2854e-01 3.7756e-01 1.2848e-08
3.2854e-01 3.7756e-01 1.2848e-08
3.2854e-01 3.7756e-01 1.2848e-08
3.2854e-01 3.7756e-01 1.2848e-08
3.2854e-01 3.7756e-01 1.2848e-08
3.2854e-01 3.7756e-01 1.2848e-08
3.2854e-01 3.7756e-01 1.2848e-08
3.2854e-01 3.7756e-01 1.2848e-08
3.2854e-01 3.7756e-01 1.2848e-08
3.2854e-01 3.7756e-01 1.2848e-08
3.2854e-01 3.7756e-01 1.2848e-08
3.2854e-01 3.7756e-01 1.2848e-08
3.2854e-01 3.7756e-01 1.2848e-08
3.2854e-01 3.7756e-01 1.2848e-08
3.2854e-01 3.7756e-01 1.2848e-08
3.2854e-01 3.7756e-01 1.2848e-08
3.2854e-01 3.7756e-01 1.2848e-08
3.2854e-01 3.7756e-01 1.2848e-08
3.2854e-01 3.7756e-01 1.2848e-08
3.2854e-01 3.7756e-01 1.2848e-08
3.2854e-01 3.7756e-01 1.2848e-08
3.2854e-01 3.7756e-01 1.2848e-08
3.2854e-01 3.7756e-01 1.2848e-08
3.2854e-01 3.7756e-01 1.2848e-08
3.2854e-01 3.7756e-01 1.2848e-08
3.2854e-01 3.7756e-01 1.2848e-08
3.2854e-01 3.7756e-01 1.2848e-08
3.2854e-01 3.7756e-01 1.2848e-08
3.2854e-01 3.7756e-01 1.2848e-08
3.2854e-01 3.7756e-01 1.2848e-08
3.2854e-01 3.7756e-01 1.2848e-08
3.2854e-01 3.7756e-01 1.2848e-08
3.2854e-01 3.7756e-01 1.2848e-08
3.2854e-01 3.7756e-01 1.2848e-08
3.2854e-01 3.7756e-01 1.2848e-08
3.2854e-01 3.7756e-01 1.2848e-08
3.2854e-01 3.7756e-01 1.2848e-08
3.2854e-01 3.7756e-01 1.2848e-08
3.2854e-01 3.7756e-01 1.2848e-08
3.2854e-01 3.7756e-01 1.2848e-08
3.2854e-01 3.7756e-01 1.2848e-08
3.2854e-01 3.7756e-01 1.2848e-08
3.2854e-01 3.7756e-01 1.2848e-08
3.2854e-01 3.7756e-01 1.2848e-08
3.2854e-01 3.7756e-01 1.2848e-08
3.2854e-01 3.7756e-01 1.2848e-08
3.2854e-01 3.7756e-01 1.2848e-08
3.2854e-01 3.7756e-01 1.2848e-08
3.2854e-01 3.7756e-01 1.2848e-08
3.2854e-01 3.7756e-01 1.2848e-08
3.2854e-01 3.7756e-01 1.2848e-08
3.2854e-01 3.7756e-01 1.2848e-08
3.2854e-01 3.7756e-01 1.2848e-08
3.2854e-01 3.7756e-01 1.2848e-08
3.2854e-01 3.7756e-01 1.2848e-08
3.2854e-01 3.7756e-01 1.2848e-08
3.2854e-01 3.7756e-01 1.2848e-08
3.2854e-01 3.7756e-01 1.2848e-08
3.2854e-01 3.7756e-01 1.2848e-08
3.2853e-01 3.7756e-01 1.2848e-08
3.2853e-01 3.7756e-01 1.2848e-08
3.2853e-01 3.7756e-01 1.2848e-08
3.2853e-01 3.7756e-01 1.2848e-08
3.2853e-01 3.7756e-01 1.2848e-08
3.2853e-01 3.7756e-01 1.2848e-08
3.2853e-01 3.7756e-01 1.2848e-08
3.2853e-01 3.7756e-01 1.2848e-08
3.2853e-01 3.7756e-01 1.2848e-08
3.2853e-01 3.7756e-01 1.2848e-08
3.2853e-01 3.7756e-01 1.2848e-08
3.2853e-01 3.7756e-01 1.2848e-08
3.2853e-01 3.7756e-01 1.2848e-08
3.2853e-01 3.7756e-01 1.2848e-08
3.2853e-01 3.7756e-01 1.2848e-08
3.2853e-01 3.7756e-01 1.2848e-08
3.2853e-01 3.7756e-01 1.2848e-08
3.2853e-01 3.7756e-01 1.2848e-08
3.2853e-01 3.7756e-01 1.2848e-08
3.2853e-01 3.7756e-01 1.2848e-08
3.2853e-01 3.7756e-01 1.2848e-08
3.2853e-01 3.7756e-01 1.2848e-08
3.2853e-01 3.7756e-01 1.2848e-08
3.2853e-01 3.7756e-01 1.2848e-08
3.2853e-01 3.7756e-01 1.2848e-08
3.2853e-01 3.7756e-01 1.2848e-08
3.2853e-01 3.7756e-01 1.2848e-08
3.2853e-01 3.7756e-01 1.2848e-08
3.2853e-01 3.7756e-01 1.2848e-08
3.2853e-01 3.7756e-01 1.2848e-08
3.2853e-01 3.7756e-01 1.2848e-08
3.2853e-01 3.7756e-01 1.2848e-08
3.2853e-01 3.7756e-01 1.2848e-08
3.2853e-01 3.7756e-01 1.2848e-08
3.2853e-01 3.7756e-01 1.2848e-08
3.2853e-01 3.7756e-01 1.2848e-08
3.2853e-01 3.7756e-01 1.2848e-08
3.2853e-01 3.7756e-01 1.2848e-08
3.2853e-01 3.7756e-01 1.2848e-08
3.2853e-01 3.7756e-01 1.2848e-08
3.2853e-01 3.7756e-01 1.2848e-08
3.2853e-01 3.7756e-01 1.2848e-08
3.2853e-01 3.7756e-01 1.2848e-08
3.2853e-01 3.7756e-01 1.2848e-08
3.2853e-01 3.7756e-01 1.2848e-08
3.2853e-01 3.7756e-01 1.2848e-08
3.2853e-01 3.7756e-01 1.2848e-08
3.2853e-01 3.7756e-01 1.2848e-08
3.2853e-01 3.7756e-01 1.2848e-08
3.2853e-01 3.7756e-01 1.2848e-08
3.2853e-01 3.7756e-01 1.2848e-08
3.2853e-01 3.7756e-01 1.2848e-08
3.2853e-01 3.7756e-01 1.2848e-08
3.2853e-01 3.7756e-01 1.2848e-08
3.2853e-01 3.7756e-01 1.2848e-08
3.2853e-01 3.7756e-01 1.2848e-08
3.2853e-01 3.7756e-01 1.2848e-08
3.2853e-01 3.7756e-01 1.2848e-08
3.2853e-01 3.7756e-01 1.2848e-08
3.2853e-01 3.7756e-01 1.2848e-08
3.2853e-01 3.7756e-01 1.2848e-08
3.2853e-01 3.7756e-01 1.2848e-08
3.2853e-01 3.7756e-01 1.2848e-08
3.2853e-01 3.7756e-01 1.2848e-08
3.2853e-01 3.7756e-01 1.2848e-08
3.2853e-01 3.7756e-01 1.2848e-08
3.2853e-01 3.7756e-01 1.2848e-08
3.2853e-01 3.7756e-01 1.2848e-08
3.2853e-01 3.7756e-01 1.2848e-08
3.2853e-01 3.7756e-01 1.2848e-08
3.2853e-01 3.7756e-01 1.2848e-08
3.2853e-01 3.7756e-01 1.2848e-08
3.2853e-01 3.7756e-01 1.2848e-08
3.2853e-01 3.7756e-01 1.2848e-08
3.2853e-01 3.7756e-01 1.2848e-08
3.2853e-01 3.7756e-01 1.2848e-08
3.2853e-01 3.7756e-01 1.2848e-08
3.2853e-01 3.7756e-01 1.2848e-08
3.2853e-01 3.7756e-01 1.2848e-08
3.2853e-01 3.7756e-01 1.2848e-08
3.2853e-01 3.7756e-01 1.2848e-08
3.2853e-01 3.7756e-01 1.2848e-08
3.2853e-01 3.7756e-01 1.2848e-08
3.2853e-01 3.7756e-01 1.2848e-08
3.2853e-01 3.7756e-01 1.2848e-08
3.2853e-01 3.7756e-01 1.2848e-08
3.2853e-01 3.7756e-01 1.2848e-08
3.2853e-01 3.7756e-01 1.2848e-08
3.2853e-01 3.7756e-01 1.2848e-08
3.2853e-01 3.7756e-01 1.2848e-08
3.2853e-01 3.7756e-01 1.2848e-08
3.2853e-01 3.7756e-01 1.2848e-08
3.2853e-01 3.7756e-01 1.2848e-08
3.2853e-01 3.7756e-01 1.2848e-08
3.2853e-01 3.7756e-01 1.2848e-08
3.2853e-01 3.7756e-01 1.2848e-08
3.2853e-01 3.7756e-01 1.2848e-08
3.2853e-01 3.7756e-01 1.2848e-08
3.2853e-01 3.7756e-01 1.2848e-08
3.2853e-01 3.7756e-01 1.2848e-08
3.2853e-01 3.7756e-01 1.2848e-08
3.2853e-01 3.7756e-01 1.2848e-08
3.2853e-01 3.7756e-01 1.2848e-08
3.2853e-01 3.7756e-01 1.2848e-08
3.2853e-01 3.7756e-01 1.2848e-08
3.2853e-01 3.7756e-01 1.2848e-08
3.2853e-01 3.7756e-01 1.2848e-08
3.2853e-01 3.7756e-01 1.2848e-08
3.2852e-01 3.7756e-01 1.2848e-08
3.2852e-01 3.7756e-01 1.2848e-08
3.2852e-01 3.7756e-01 1.2848e-08
3.2852e-01 3.7756e-01 1.2848e-08
3.2852e-01 3.7756e-01 1.2848e-08
3.2852e-01 3.7756e-01 1.2848e-08
3.2852e-01 3.7756e-01 1.2848e-08
3.2852e-01 3.7756e-01 1.2848e-08
3.2852e-01 3.7756e-01 1.2848e-08
3.2852e-01 3.7756e-01 1.2848e-08
3.2852e-01 3.7756e-01 1.2848e-08
3.2852e-01 3.7756e-01 1.2848e-08
3.2852e-01 3.7756e-01 1.2848e-08
3.2852e-01 3.7756e-01 1.2848e-08
3.2852e-01 3.7756e-01 1.2848e-08
3.2852e-01 3.7756e-01 1.2848e-08
3.2852e-01 3.7756e-01 1.2848e-08
3.2852e-01 3.7756e-01 1.2848e-08
3.2852e-01 3.7756e-01 1.2848e-08
3.2852e-01 3.7756e-01 1.2848e-08
3.2852e-01 3.7757e-01 1.2848e-08
3.2852e-01 3.7757e-01 1.2848e-08
3.2852e-01 3.7757e-01 1.2848e-08
3.2852e-01 3.7757e-01 1.2848e-08
3.2852e-01 3.7757e-01 1.2848e-08
3.2852e-01 3.7757e-01 1.2848e-08
3.2852e-01 3.7757e-01 1.2848e-08
3.2852e-01 3.7757e-01 1.2848e-08
3.2852e-01 3.7757e-01 1.2848e-08
3.2852e-01 3.7757e-01 1.2848e-08
3.2852e-01 3.7757e-01 1.2848e-08
3.2852e-01 3.7757e-01 1.2848e-08
3.2852e-01 3.7757e-01 1.2848e-08
3.2852e-01 3.7757e-01 1.2848e-08
3.2852e-01 3.7757e-01 1.2848e-08
3.2852e-01 3.7757e-01 1.2848e-08
3.2852e-01 3.7757e-01 1.2848e-08
3.2852e-01 3.7757e-01 1.2848e-08
3.2852e-01 3.7757e-01 1.2848e-08
3.2852e-01 3.7757e-01 1.2848e-08
3.2852e-01 3.7757e-01 1.2848e-08
3.2852e-01 3.7757e-01 1.2848e-08
3.2852e-01 3.7757e-01 1.2848e-08
3.2852e-01 3.7757e-01 1.2848e-08
3.2852e-01 3.7757e-01 1.2848e-08
3.2852e-01 3.7757e-01 1.2848e-08
3.2852e-01 3.7757e-01 1.2848e-08
3.2852e-01 3.7757e-01 1.2848e-08
3.2852e-01 3.7756e-01 1.2848e-08
3.2852e-01 3.7756e-01 1.2848e-08
3.2852e-01 3.7756e-01 1.2848e-08
3.2852e-01 3.7756e-01 1.2848e-08
3.2852e-01 3.7756e-01 1.2848e-08
3.2852e-01 3.7756e-01 1.2848e-08
3.2852e-01 3.7756e-01 1.2848e-08
3.2852e-01 3.7756e-01 1.2848e-08
3.2852e-01 3.7756e-01 1.2848e-08
3.2852e-01 3.7756e-01 1.2848e-08
3.2852e-01 3.7756e-01 1.2848e-08
3.2852e-01 3.7756e-01 1.2848e-08
3.2852e-01 3.7756e-01 1.2848e-08
3.2852e-01 3.7756e-01 1.2848e-08
3.2852e-01 3.7756e-01 1.2848e-08
3.2852e-01 3.7756e-01 1.2848e-08
3.2852e-01 3.7756e-01 1.2848e-08
3.2852e-01 3.7756e-01 1.2848e-08
3.2852e-01 3.7756e-01 1.2848e-08
3.2852e-01 3.7756e-01 1.2848e-08
3.2852e-01 3.7756e-01 1.2848e-08
3.2852e-01 3.7756e-01 1.2848e-08
3.2852e-01 3.7756e-01 1.2848e-08
3.2852e-01 3.7756e-01 1.2848e-08
3.2852e-01 3.7756e-01 1.2848e-08
3.2852e-01 3.7756e-01 1.2848e-08
3.2852e-01 3.7756e-01 1.2848e-08
3.2852e-01 3.7756e-01 1.2848e-08
3.2852e-01 3.7756e-01 1.2848e-08
3.2852e-01 3.7756e-01 1.2848e-08
3.2852e-01 3.7756e-01 1.2848e-08
3.2852e-01 3.7756e-01 1.2848e-08
3.2852e-01 3.7756e-01 1.2848e-08
3.2852e-01 3.7756e-01 1.2848e-08
3.2852e-01 3.7756e-01 1.2848e-08
3.2852e-01 3.7756e-01 1.2848e-08
3.2852e-01 3.7756e-01 1.2848e-08
3.2852e-01 3.7756e-01 1.2848e-08
3.2852e-01 3.7756e-01 1.2848e-08
3.2852e-01 3.7756e-01 1.2848e-08
3.2852e-01 3.7756e-01 1.2848e-08
3.2852e-01 3.7756e-01 1.2848e-08
3.2852e-01 3.7756e-01 1.2848e-08
3.2852e-01 3.7756e-01 1.2848e-08
3.2852e-01 3.7756e-01 1.2848e-08
3.2852e-01 3.7756e-01 1.2848e-08
3.2852e-01 3.7756e-01 1.2848e-08
3.2852e-01 3.7756e-01 1.2848e-08
3.2852e-01 3.7756e-01 1.2848e-08
3.2852e-01 3.7756e-01 1.2848e-08
3.2852e-01 3.7756e-01 1.2848e-08
3.2852e-01 3.7756e-01 1.2848e-08
3.2852e-01 3.7756e-01 1.2848e-08
3.2852e-01 3.7756e-01 1.2848e-08
3.2852e-01 3.7756e-01 1.2848e-08
3.2852e-01 3.7756e-01 1.2848e-08
3.2852e-01 3.7756e-01 1.2848e-08
3.2852e-01 3.7756e-01 1.2848e-08
3.2852e-01 3.7756e-01 1.2848e-08
3.2852e-01 3.7756e-01 1.2848e-08
3.2852e-01 3.7756e-01 1.2848e-08
3.2852e-01 3.7756e-01 1.2848e-08
3.2852e-01 3.7756e-01 1.2848e-08
3.2852e-01 3.7756e-01 1.2848e-08
3.2852e-01 3.7756e-01 1.2848e-08
3.2852e-01 3.7756e-01 1.2848e-08
3.2852e-01 3.7756e-01 1.2848e-08
3.2852e-01 3.7756e-01 1.2848e-08
3.2852e-01 3.7756e-01 1.2848e-08
3.2852e-01 3.7756e-01 1.2848e-08
3.2852e-01 3.7756e-01 1.2848e-08
3.2852e-01 3.7756e-01 1.2848e-08
3.2852e-01 3.7756e-01 1.2848e-08
3.2852e-01 3.7756e-01 1.2848e-08
3.2852e-01 3.7756e-01 1.2848e-08
3.2852e-01 3.7756e-01 1.2848e-08
3.2852e-01 3.7756e-01 1.2848e-08
3.2852e-01 3.7756e-01 1.2848e-08
3.2852e-01 3.7756e-01 1.2848e-08
3.2852e-01 3.7756e-01 1.2848e-08
3.2852e-01 3.7756e-01 1.2848e-08
3.2852e-01 3.7756e-01 1.2848e-08
3.2852e-01 3.7756e-01 1.2848e-08
3.2852e-01 3.7756e-01 1.2848e-08
3.2852e-01 3.7756e-01 1.2848e-08
3.2852e-01 3.7756e-01 1.2848e-08
3.2852e-01 3.7756e-01 1.2848e-08
3.2852e-01 3.7756e-01 1.2848e-08
3.2852e-01 3.7756e-01 1.2848e-08
3.2852e-01 3.7756e-01 1.2848e-08
3.2852e-01 3.7756e-01 1.2848e-08
3.2852e-01 3.7756e-01 1.2848e-08
3.2852e-01 3.7756e-01 1.2848e-08
3.2852e-01 3.7756e-01 1.2848e-08
3.2852e-01 3.7756e-01 1.2848e-08
3.2852e-01 3.7756e-01 1.2848e-08
3.2852e-01 3.7756e-01 1.2848e-08
3.2852e-01 3.7756e-01 1.2848e-08
3.2852e-01 3.7756e-01 1.2848e-08
3.2852e-01 3.7756e-01 1.2848e-08
3.2852e-01 3.7756e-01 1.2848e-08
3.2852e-01 3.7756e-01 1.2848e-08
3.2852e-01 3.7756e-01 1.2848e-08
3.2852e-01 3.7756e-01 1.2848e-08
3.2852e-01 3.7756e-01 1.2848e-08
3.2852e-01 3.7756e-01 1.2848e-08
3.2852e-01 3.7756e-01 1.2848e-08
3.2852e-01 3.7756e-01 1.2848e-08
3.2852e-01 3.7756e-01 1.2848e-08
3.2852e-01 3.7756e-01 1.2848e-08
3.2852e-01 3.7756e-01 1.2848e-08
3.2852e-01 3.7756e-01 1.2848e-08
3.2852e-01 3.7756e-01 1.2848e-08
3.2852e-01 3.7756e-01 1.2848e-08
3.2852e-01 3.7756e-01 1.2848e-08
3.2852e-01 3.7756e-01 1.2848e-08
3.2852e-01 3.7756e-01 1.2848e-08
3.2852e-01 3.7756e-01 1.2848e-08
3.2852e-01 3.7756e-01 1.2848e-08
3.2852e-01 3.7756e-01 1.2848e-08
3.2852e-01 3.7756e-01 1.2848e-08
3.2852e-01 3.7756e-01 1.2848e-08
3.2852e-01 3.7756e-01 1.2848e-08
3.2852e-01 3.7756e-01 1.2848e-08
3.2852e-01 3.7756e-01 1.2848e-08
3.2852e-01 3.7756e-01 1.2848e-08
3.2852e-01 3.7756e-01 1.2848e-08
3.2852e-01 3.7756e-01 1.2848e-08
3.2852e-01 3.7756e-01 1.2848e-08
3.2852e-01 3.7756e-01 1.2848e-08
3.2852e-01 3.7756e-01 1.2848e-08
3.2852e-01 3.7756e-01 1.2848e-08
3.2852e-01 3.7756e-01 1.2848e-08
3.2852e-01 3.7756e-01 1.2848e-08
3.2852e-01 3.7756e-01 1.2848e-08
3.2852e-01 3.7756e-01 1.2848e-08
3.2852e-01 3.7756e-01 1.2848e-08
3.2852e-01 3.7756e-01 1.2848e-08
3.2852e-01 3.7756e-01 1.2848e-08
3.2852e-01 3.7756e-01 1.2848e-08
3.2852e-01 3.7756e-01 1.2848e-08
3.2852e-01 3.7756e-01 1.2848e-08
3.2852e-01 3.7756e-01 1.2848e-08
3.2852e-01 3.7756e-01 1.2848e-08
3.2852e-01 3.7756e-01 1.2848e-08
3.2852e-01 3.7756e-01 1.2848e-08
3.2852e-01 3.7756e-01 1.2848e-08
3.2852e-01 3.7756e-01 1.2848e-08
3.2852e-01 3.7756e-01 1.2848e-08
3.2852e-01 3.7756e-01 1.2848e-08
3.2852e-01 3.7756e-01 1.2848e-08
3.2852e-01 3.7756e-01 1.2848e-08
3.2852e-01 3.7756e-01 1.2848e-08
3.2852e-01 3.7756e-01 1.2848e-08
3.2852e-01 3.7756e-01 1.2848e-08
3.2852e-01 3.7756e-01 1.2848e-08
3.2852e-01 3.7756e-01 1.2848e-08
3.2852e-01 3.7756e-01 1.2848e-08
3.2852e-01 3.7756e-01 1.2848e-08
3.2852e-01 3.7756e-01 1.2848e-08
3.2852e-01 3.7756e-01 1.2848e-08
3.2852e-01 3.7756e-01 1.2848e-08
3.2852e-01 3.7756e-01 1.2848e-08
3.2852e-01 3.7756e-01 1.2848e-08
3.2852e-01 3.7756e-01 1.2848e-08
3.2852e-01 3.7756e-01 1.2848e-08
3.2852e-01 3.7756e-01 1.2848e-08
3.2852e-01 3.7756e-01 1.2848e-08
3.2851e-01 3.7756e-01 1.2848e-08
3.2852e-01 3.7756e-01 1.2848e-08
3.2852e-01 3.7756e-01 1.2848e-08
3.2852e-01 3.7756e-01 1.2848e-08
3.2852e-01 3.7756e-01 1.2848e-08
3.2852e-01 3.7756e-01 1.2848e-08
3.2852e-01 3.7756e-01 1.2848e-08
3.2852e-01 3.7756e-01 1.2848e-08
3.2852e-01 3.7756e-01 1.2848e-08
3.2852e-01 3.7756e-01 1.2848e-08
3.2852e-01 3.7756e-01 1.2848e-08
3.2852e-01 3.7756e-01 1.2848e-08
3.2852e-01 3.7756e-01 1.2848e-08
3.2851e-01 3.7756e-01 1.2848e-08
3.2851e-01 3.7756e-01 1.2848e-08
3.2851e-01 3.7756e-01 1.2848e-08
3.2851e-01 3.7756e-01 1.2848e-08
3.2851e-01 3.7756e-01 1.2848e-08
3.2851e-01 3.7756e-01 1.2848e-08
3.2851e-01 3.7756e-01 1.2848e-08
3.2851e-01 3.7756e-01 1.2848e-08
3.2851e-01 3.7756e-01 1.2848e-08
3.2851e-01 3.7756e-01 1.2848e-08
3.2851e-01 3.7756e-01 1.2848e-08
3.2851e-01 3.7756e-01 1.2848e-08
3.2851e-01 3.7756e-01 1.2848e-08
3.2851e-01 3.7756e-01 1.2848e-08
3.2851e-01 3.7756e-01 1.2848e-08
3.2851e-01 3.7756e-01 1.2848e-08
3.2851e-01 3.7756e-01 1.2848e-08
3.2851e-01 3.7756e-01 1.2848e-08
3.2851e-01 3.7756e-01 1.2848e-08
3.2851e-01 3.7756e-01 1.2848e-08
3.2851e-01 3.7756e-01 1.2848e-08
3.2851e-01 3.7756e-01 1.2848e-08
3.2851e-01 3.7756e-01 1.2848e-08
3.2851e-01 3.7756e-01 1.2848e-08
3.2851e-01 3.7756e-01 1.2848e-08
3.2851e-01 3.7756e-01 1.2848e-08
3.2851e-01 3.7756e-01 1.2848e-08
3.2851e-01 3.7756e-01 1.2848e-08
3.2851e-01 3.7756e-01 1.2848e-08
3.2851e-01 3.7756e-01 1.2848e-08
3.2851e-01 3.7756e-01 1.2848e-08
3.2851e-01 3.7756e-01 1.2848e-08
3.2851e-01 3.7756e-01 1.2848e-08
3.2851e-01 3.7757e-01 1.2848e-08
3.2851e-01 3.7757e-01 1.2848e-08
3.2851e-01 3.7757e-01 1.2848e-08
3.2851e-01 3.7757e-01 1.2848e-08
3.2851e-01 3.7757e-01 1.2848e-08
3.2851e-01 3.7757e-01 1.2848e-08
3.2851e-01 3.7757e-01 1.2848e-08
3.2851e-01 3.7757e-01 1.2848e-08
3.2851e-01 3.7757e-01 1.2848e-08
3.2851e-01 3.7757e-01 1.2848e-08
3.2851e-01 3.7756e-01 1.2848e-08
3.2851e-01 3.7756e-01 1.2848e-08
3.2851e-01 3.7756e-01 1.2848e-08
3.2851e-01 3.7756e-01 1.2848e-08
3.2851e-01 3.7756e-01 1.2848e-08
3.2851e-01 3.7756e-01 1.2848e-08
3.2851e-01 3.7756e-01 1.2848e-08
3.2851e-01 3.7757e-01 1.2848e-08
3.2851e-01 3.7757e-01 1.2848e-08
3.2851e-01 3.7757e-01 1.2848e-08
3.2851e-01 3.7757e-01 1.2848e-08
3.2851e-01 3.7757e-01 1.2848e-08
3.2851e-01 3.7757e-01 1.2848e-08
3.2851e-01 3.7757e-01 1.2848e-08
3.2851e-01 3.7757e-01 1.2848e-08
3.2851e-01 3.7757e-01 1.2848e-08
3.2851e-01 3.7757e-01 1.2848e-08
3.2851e-01 3.7757e-01 1.2848e-08
3.2851e-01 3.7757e-01 1.2848e-08
3.2851e-01 3.7757e-01 1.2848e-08
3.2851e-01 3.7757e-01 1.2848e-08
3.2851e-01 3.7757e-01 1.2848e-08
3.2851e-01 3.7757e-01 1.2848e-08
3.2851e-01 3.7757e-01 1.2848e-08
3.2851e-01 3.7757e-01 1.2848e-08
3.2851e-01 3.7757e-01 1.2848e-08
3.2851e-01 3.7757e-01 1.2848e-08
3.2851e-01 3.7757e-01 1.2848e-08
3.2851e-01 3.7757e-01 1.2848e-08
3.2851e-01 3.7757e-01 1.2848e-08
3.2851e-01 3.7757e-01 1.2848e-08
3.2851e-01 3.7757e-01 1.2848e-08
3.2851e-01 3.7757e-01 1.2848e-08
3.2851e-01 3.7757e-01 1.2848e-08
3.2851e-01 3.7757e-01 1.2848e-08
3.2851e-01 3.7757e-01 1.2848e-08
3.2851e-01 3.7757e-01 1.2848e-08
3.2851e-01 3.7757e-01 1.2848e-08
3.2851e-01 3.7757e-01 1.2848e-08
3.2851e-01 3.7757e-01 1.2848e-08
3.2851e-01 3.7757e-01 1.2848e-08
3.2851e-01 3.7757e-01 1.2848e-08
3.2851e-01 3.7757e-01 1.2848e-08
3.2851e-01 3.7757e-01 1.2848e-08
3.2851e-01 3.7757e-01 1.2848e-08
3.2851e-01 3.7757e-01 1.2848e-08
3.2851e-01 3.7757e-01 1.2848e-08
3.2851e-01 3.7757e-01 1.2848e-08
3.2851e-01 3.7757e-01 1.2848e-08
3.2851e-01 3.7757e-01 1.2848e-08
3.2851e-01 3.7757e-01 1.2848e-08
3.2851e-01 3.7757e-01 1.2848e-08
3.2851e-01 3.7757e-01 1.2848e-08
3.2851e-01 3.7757e-01 1.2848e-08
3.2851e-01 3.7757e-01 1.2848e-08
3.2851e-01 3.7757e-01 1.2848e-08
3.2851e-01 3.7757e-01 1.2848e-08
3.2851e-01 3.7757e-01 1.2848e-08
3.2851e-01 3.7757e-01 1.2848e-08
3.2850e-01 3.7757e-01 1.2848e-08
3.2850e-01 3.7757e-01 1.2848e-08
3.2850e-01 3.7757e-01 1.2848e-08
3.2850e-01 3.7758e-01 1.2848e-08
3.2850e-01 3.7758e-01 1.2848e-08
3.2850e-01 3.7758e-01 1.2848e-08
3.2850e-01 3.7758e-01 1.2848e-08
3.2850e-01 3.7758e-01 1.2848e-08
3.2850e-01 3.7758e-01 1.2848e-08
3.2850e-01 3.7758e-01 1.2848e-08
3.2850e-01 3.7758e-01 1.2848e-08
3.2850e-01 3.7758e-01 1.2848e-08
3.2850e-01 3.7758e-01 1.2848e-08
3.2850e-01 3.7758e-01 1.2848e-08
3.2850e-01 3.7758e-01 1.2848e-08
3.2850e-01 3.7758e-01 1.2848e-08
3.2850e-01 3.7758e-01 1.2848e-08
3.2850e-01 3.7758e-01 1.2848e-08
3.2850e-01 3.7758e-01 1.2848e-08
3.2850e-01 3.7758e-01 1.2848e-08
3.2850e-01 3.7758e-01 1.2848e-08
3.2850e-01 3.7758e-01 1.2848e-08
3.2850e-01 3.7758e-01 1.2848e-08
3.2850e-01 3.7758e-01 1.2848e-08
3.2850e-01 3.7758e-01 1.2848e-08
3.2850e-01 3.7758e-01 1.2848e-08
3.2850e-01 3.7758e-01 1.2848e-08
3.2850e-01 3.7758e-01 1.2848e-08
3.2850e-01 3.7758e-01 1.2848e-08
3.2850e-01 3.7758e-01 1.2848e-08
3.2850e-01 3.7758e-01 1.2848e-08
3.2850e-01 3.7758e-01 1.2848e-08
3.2850e-01 3.7758e-01 1.2848e-08
3.2850e-01 3.7758e-01 1.2848e-08
3.2850e-01 3.7758e-01 1.2848e-08
3.2850e-01 3.7758e-01 1.2848e-08
3.2850e-01 3.7758e-01 1.2848e-08
3.2850e-01 3.7758e-01 1.2848e-08
3.2850e-01 3.7758e-01 1.2848e-08
3.2850e-01 3.7758e-01 1.2848e-08
3.2850e-01 3.7758e-01 1.2848e-08
3.2850e-01 3.7758e-01 1.2848e-08
3.2850e-01 3.7758e-01 1.2848e-08
3.2850e-01 3.7758e-01 1.2848e-08
3.2850e-01 3.7758e-01 1.2848e-08
3.2850e-01 3.7759e-01 1.2848e-08
3.2850e-01 3.7759e-01 1.2848e-08
3.2850e-01 3.7759e-01 1.2848e-08
3.2850e-01 3.7759e-01 1.2848e-08
3.2850e-01 3.7759e-01 1.2848e-08
3.2850e-01 3.7759e-01 1.2848e-08
3.2850e-01 3.7759e-01 1.2848e-08
3.2850e-01 3.7759e-01 1.2848e-08
3.2849e-01 3.7759e-01 1.2848e-08
3.2849e-01 3.7759e-01 1.2848e-08
3.2849e-01 3.7759e-01 1.2848e-08
3.2849e-01 3.7759e-01 1.2848e-08
3.2849e-01 3.7759e-01 1.2848e-08
3.2849e-01 3.7759e-01 1.2848e-08
3.2849e-01 3.7759e-01 1.2848e-08
3.2849e-01 3.7759e-01 1.2848e-08
3.2849e-01 3.7759e-01 1.2848e-08
3.2849e-01 3.7759e-01 1.2848e-08
3.2849e-01 3.7759e-01 1.2848e-08
3.2849e-01 3.7759e-01 1.2848e-08
3.2849e-01 3.7759e-01 1.2848e-08
3.2849e-01 3.7759e-01 1.2848e-08
3.2849e-01 3.7759e-01 1.2848e-08
3.2849e-01 3.7759e-01 1.2848e-08
3.2849e-01 3.7759e-01 1.2848e-08
3.2849e-01 3.7759e-01 1.2848e-08
3.2849e-01 3.7759e-01 1.2848e-08
3.2849e-01 3.7759e-01 1.2848e-08
3.2849e-01 3.7759e-01 1.2848e-08
3.2849e-01 3.7759e-01 1.2848e-08
3.2849e-01 3.7759e-01 1.2848e-08
3.2849e-01 3.7759e-01 1.2848e-08
3.2849e-01 3.7759e-01 1.2848e-08
3.2849e-01 3.7759e-01 1.2848e-08
3.2849e-01 3.7759e-01 1.2848e-08
3.2849e-01 3.7759e-01 1.2848e-08
3.2849e-01 3.7759e-01 1.2848e-08
3.2849e-01 3.7759e-01 1.2848e-08
3.2849e-01 3.7759e-01 1.2848e-08
3.2849e-01 3.7759e-01 1.2848e-08
3.2849e-01 3.7759e-01 1.2848e-08
3.2849e-01 3.7759e-01 1.2848e-08
3.2849e-01 3.7759e-01 1.2848e-08
3.2849e-01 3.7759e-01 1.2848e-08
3.2849e-01 3.7759e-01 1.2848e-08
3.2849e-01 3.7759e-01 1.2848e-08
3.2849e-01 3.7759e-01 1.2848e-08
3.2849e-01 3.7759e-01 1.2848e-08
3.2849e-01 3.7759e-01 1.2848e-08
3.2849e-01 3.7759e-01 1.2848e-08
3.2849e-01 3.7759e-01 1.2848e-08
3.2849e-01 3.7759e-01 1.2848e-08
3.2849e-01 3.7759e-01 1.2848e-08
3.2849e-01 3.7759e-01 1.2848e-08
3.2849e-01 3.7759e-01 1.2848e-08
3.2849e-01 3.7759e-01 1.2848e-08
3.2849e-01 3.7759e-01 1.2848e-08
3.2849e-01 3.7759e-01 1.2848e-08
3.2849e-01 3.7759e-01 1.2848e-08
3.2849e-01 3.7759e-01 1.2848e-08
3.2849e-01 3.7759e-01 1.2848e-08
3.2849e-01 3.7759e-01 1.2848e-08
3.2849e-01 3.7759e-01 1.2848e-08
3.2849e-01 3.7759e-01 1.2848e-08
3.2849e-01 3.7759e-01 1.2848e-08
3.2849e-01 3.7759e-01 1.2848e-08
3.2849e-01 3.7759e-01 1.2848e-08
3.2849e-01 3.7759e-01 1.2848e-08
3.2849e-01 3.7759e-01 1.2848e-08
3.2849e-01 3.7759e-01 1.2848e-08
3.2849e-01 3.7759e-01 1.2848e-08
3.2849e-01 3.7759e-01 1.2848e-08
3.2849e-01 3.7759e-01 1.2848e-08
3.2849e-01 3.7759e-01 1.2848e-08
3.2849e-01 3.7759e-01 1.2848e-08
3.2849e-01 3.7759e-01 1.2848e-08
3.2849e-01 3.7759e-01 1.2848e-08
3.2849e-01 3.7759e-01 1.2848e-08
3.2849e-01 3.7759e-01 1.2848e-08
3.2849e-01 3.7759e-01 1.2848e-08
3.2849e-01 3.7759e-01 1.2848e-08
3.2849e-01 3.7759e-01 1.2848e-08
3.2849e-01 3.7759e-01 1.2848e-08
3.2849e-01 3.7759e-01 1.2848e-08
3.2849e-01 3.7759e-01 1.2848e-08
3.2849e-01 3.7759e-01 1.2848e-08
3.2849e-01 3.7759e-01 1.2848e-08
3.2849e-01 3.7759e-01 1.2848e-08
3.2849e-01 3.7759e-01 1.2848e-08
3.2849e-01 3.7759e-01 1.2848e-08
3.2849e-01 3.7759e-01 1.2848e-08
3.2849e-01 3.7759e-01 1.2848e-08
3.2849e-01 3.7759e-01 1.2848e-08
3.2849e-01 3.7759e-01 1.2848e-08
3.2849e-01 3.7759e-01 1.2848e-08
3.2849e-01 3.7759e-01 1.2848e-08
3.2849e-01 3.7759e-01 1.2848e-08
3.2849e-01 3.7759e-01 1.2848e-08
3.2849e-01 3.7759e-01 1.2848e-08
3.2849e-01 3.7759e-01 1.2848e-08
3.2849e-01 3.7759e-01 1.2848e-08
3.2849e-01 3.7759e-01 1.2848e-08
3.2849e-01 3.7759e-01 1.2848e-08
3.2849e-01 3.7759e-01 1.2848e-08
3.2849e-01 3.7759e-01 1.2848e-08
3.2849e-01 3.7759e-01 1.2848e-08
3.2849e-01 3.7759e-01 1.2848e-08
3.2849e-01 3.7759e-01 1.2848e-08
3.2849e-01 3.7759e-01 1.2848e-08
3.2849e-01 3.7759e-01 1.2848e-08
3.2849e-01 3.7759e-01 1.2848e-08
3.2849e-01 3.7759e-01 1.2848e-08
3.2849e-01 3.7759e-01 1.2848e-08
3.2849e-01 3.7759e-01 1.2848e-08
3.2849e-01 3.7759e-01 1.2848e-08
3.2849e-01 3.7759e-01 1.2848e-08
3.2849e-01 3.7759e-01 1.2848e-08
3.2849e-01 3.7759e-01 1.2848e-08
3.2849e-01 3.7759e-01 1.2848e-08
3.2849e-01 3.7759e-01 1.2848e-08
3.2849e-01 3.7759e-01 1.2848e-08
3.2849e-01 3.7759e-01 1.2848e-08
3.2849e-01 3.7759e-01 1.2848e-08
3.2849e-01 3.7759e-01 1.2848e-08
3.2849e-01 3.7759e-01 1.2848e-08
3.2849e-01 3.7759e-01 1.2848e-08
3.2849e-01 3.7759e-01 1.2848e-08
3.2849e-01 3.7759e-01 1.2848e-08
3.2849e-01 3.7759e-01 1.2848e-08
3.2849e-01 3.7759e-01 1.2848e-08
3.2849e-01 3.7759e-01 1.2848e-08
3.2849e-01 3.7759e-01 1.2848e-08
3.2849e-01 3.7759e-01 1.2848e-08
3.2849e-01 3.7759e-01 1.2848e-08
3.2849e-01 3.7759e-01 1.2848e-08
3.2849e-01 3.7759e-01 1.2848e-08
3.2849e-01 3.7759e-01 1.2848e-08
3.2849e-01 3.7759e-01 1.2848e-08
3.2849e-01 3.7759e-01 1.2848e-08
3.2849e-01 3.7759e-01 1.2848e-08
3.2849e-01 3.7759e-01 1.2848e-08
3.2849e-01 3.7759e-01 1.2848e-08
3.2849e-01 3.7759e-01 1.2848e-08
3.2849e-01 3.7759e-01 1.2848e-08
3.2849e-01 3.7759e-01 1.2848e-08
3.2849e-01 3.7759e-01 1.2848e-08
3.2849e-01 3.7759e-01 1.2848e-08
3.2849e-01 3.7759e-01 1.2848e-08
3.2849e-01 3.7759e-01 1.2848e-08
3.2849e-01 3.7759e-01 1.2848e-08
3.2849e-01 3.7759e-01 1.2848e-08
3.2849e-01 3.7759e-01 1.2848e-08
3.2849e-01 3.7759e-01 1.2848e-08
3.2849e-01 3.7759e-01 1.2848e-08
3.2849e-01 3.7759e-01 1.2848e-08
3.2849e-01 3.7759e-01 1.2848e-08
3.2849e-01 3.7759e-01 1.2848e-08
3.2849e-01 3.7759e-01 1.2848e-08
3.2849e-01 3.7759e-01 1.2848e-08
3.2849e-01 3.7759e-01 1.2848e-08
3.2849e-01 3.7759e-01 1.2848e-08
3.2849e-01 3.7759e-01 1.2848e-08
3.2849e-01 3.7759e-01 1.2848e-08
3.2849e-01 3.7759e-01 1.2848e-08
3.2848e-01 3.7759e-01 1.2848e-08
3.2848e-01 3.7759e-01 1.2848e-08
3.2848e-01 3.7759e-01 1.2848e-08
3.2848e-01 3.7759e-01 1.2848e-08
3.2848e-01 3.7759e-01 1.2848e-08
3.2848e-01 3.7759e-01 1.2848e-08
3.2848e-01 3.7759e-01 1.2848e-08
3.2848e-01 3.7759e-01 1.2848e-08
3.2848e-01 3.7759e-01 1.2848e-08
3.2848e-01 3.7759e-01 1.2848e-08
3.2848e-01 3.7759e-01 1.2848e-08
3.2848e-01 3.7759e-01 1.2848e-08
3.2848e-01 3.7759e-01 1.2848e-08
3.2848e-01 3.7759e-01 1.2848e-08
3.2848e-01 3.7759e-01 1.2848e-08
3.2848e-01 3.7759e-01 1.2848e-08
3.2848e-01 3.7759e-01 1.2848e-08
3.2848e-01 3.7759e-01 1.2848e-08
3.2848e-01 3.7759e-01 1.2848e-08
3.2848e-01 3.7759e-01 1.2848e-08
3.2848e-01 3.7759e-01 1.2848e-08
3.2848e-01 3.7759e-01 1.2848e-08
3.2848e-01 3.7759e-01 1.2848e-08
3.2848e-01 3.7759e-01 1.2848e-08
3.2848e-01 3.7759e-01 1.2848e-08
3.2848e-01 3.7759e-01 1.2848e-08
3.2848e-01 3.7759e-01 1.2848e-08
3.2848e-01 3.7759e-01 1.2848e-08
3.2848e-01 3.7759e-01 1.2848e-08
3.2848e-01 3.7759e-01 1.2848e-08
3.2848e-01 3.7759e-01 1.2848e-08
3.2848e-01 3.7759e-01 1.2848e-08
3.2848e-01 3.7759e-01 1.2848e-08
3.2848e-01 3.7759e-01 1.2848e-08
3.2848e-01 3.7759e-01 1.2848e-08
3.2848e-01 3.7759e-01 1.2848e-08
3.2848e-01 3.7759e-01 1.2848e-08
3.2848e-01 3.7759e-01 1.2848e-08
3.2848e-01 3.7759e-01 1.2848e-08
3.2848e-01 3.7759e-01 1.2848e-08
3.2848e-01 3.7759e-01 1.2848e-08
3.2848e-01 3.7759e-01 1.2848e-08
3.2848e-01 3.7759e-01 1.2848e-08
3.2848e-01 3.7759e-01 1.2848e-08
3.2848e-01 3.7759e-01 1.2848e-08
3.2848e-01 3.7759e-01 1.2848e-08
3.2848e-01 3.7759e-01 1.2848e-08
3.2848e-01 3.7759e-01 1.2848e-08
3.2848e-01 3.7759e-01 1.2848e-08
3.2848e-01 3.7759e-01 1.2848e-08
3.2848e-01 3.7759e-01 1.2848e-08
3.2848e-01 3.7758e-01 1.2848e-08
3.2848e-01 3.7758e-01 1.2848e-08
3.2848e-01 3.7758e-01 1.2848e-08
3.2848e-01 3.7758e-01 1.2848e-08
3.2848e-01 3.7758e-01 1.2848e-08
