1.3765e+00 1.3760e+00 1.3131e-03
1.3462e+00 1.3447e+00 1.3131e-03
1.2988e+00 1.2949e+00 1.3131e-03
1.2479e+00 1.2399e+00 1.3131e-03
1.2040e+00 1.1901e+00 1.3131e-03
1.1739e+00 1.1526e+00 1.3131e-03
1.1587e+00 1.1315e+00 1.3131e-03
1.1508e+00 1.1220e+00 1.3131e-03
1.1375e+00 1.1109e+00 1.3131e-03
1.1101e+00 1.0880e+00 1.3131e-03
1.0858e+00 1.0698e+00 1.3131e-03
1.0770e+00 1.0670e+00 1.3131e-03
1.0717e+00 1.0646e+00 1.3131e-03
1.0702e+00 1.0637e+00 1.3131e-03
1.0655e+00 1.0581e+00 1.3131e-03
1.0547e+00 1.0456e+00 1.3131e-03
1.0456e+00 1.0342e+00 1.3131e-03
1.0371e+00 1.0241e+00 1.3131e-03
1.0285e+00 1.0146e+00 1.3131e-03
1.0217e+00 1.0073e+00 1.3131e-03
1.0153e+00 1.0008e+00 1.3131e-03
1.0055e+00 9.9151e-01 1.3131e-03
9.9726e-01 9.8330e-01 1.3131e-03
9.9133e-01 9.7702e-01 1.3131e-03
9.8881e-01 9.7408e-01 1.3131e-03
9.8177e-01 9.6636e-01 1.3131e-03
9.6870e-01 9.5210e-01 1.3131e-03
9.6383e-01 9.4717e-01 1.3131e-03
9.6207e-01 9.4583e-01 1.3131e-03
9.4822e-01 9.3249e-01 1.3131e-03
9.4228e-01 9.2768e-01 1.3131e-03
9.4995e-01 9.3580e-01 1.3131e-03
9.3387e-01 9.1914e-01 1.3131e-03
9.2770e-01 9.1297e-01 1.3131e-03
9.2694e-01 9.1246e-01 1.3131e-03
9.1953e-01 9.0551e-01 1.3131e-03
9.0947e-01 8.9549e-01 1.3131e-03
9.0822e-01 8.9431e-01 1.3131e-03
8.9939e-01 8.8511e-01 1.3131e-03
8.9428e-01 8.7985e-01 1.3131e-03
9.0452e-01 8.9073e-01 1.3131e-03
8.8550e-01 8.7286e-01 1.3131e-03
8.8031e-01 8.6859e-01 1.3131e-03
8.8830e-01 8.7738e-01 1.3131e-03
8.7231e-01 8.6100e-01 1.3131e-03
8.6759e-01 8.5656e-01 1.3131e-03
8.6878e-01 8.5828e-01 1.3131e-03
8.5823e-01 8.4733e-01 1.3131e-03
8.5634e-01 8.4561e-01 1.3131e-03
8.5529e-01 8.4489e-01 1.3131e-03
8.4556e-01 8.3598e-01 1.3131e-03
8.4097e-01 8.3214e-01 1.3131e-03
8.3750e-01 8.2910e-01 1.3131e-03
8.2903e-01 8.2185e-01 1.3131e-03
8.1572e-01 8.1027e-01 1.3131e-03
8.2512e-01 8.2067e-01 1.3131e-03
8.1807e-01 8.1263e-01 1.3131e-03
8.1108e-01 8.0645e-01 1.3131e-03
7.9978e-01 7.9621e-01 1.3131e-03
7.9084e-01 7.8671e-01 1.3131e-03
7.8262e-01 7.7865e-01 1.3131e-03
7.7290e-01 7.7125e-01 1.3131e-03
7.7207e-01 7.7414e-01 1.3131e-03
7.8672e-01 7.8635e-01 1.3131e-03
7.8053e-01 7.8026e-01 1.3131e-03
7.6438e-01 7.6765e-01 1.3131e-03
7.5393e-01 7.5772e-01 1.3131e-03
7.5086e-01 7.5235e-01 1.3131e-03
7.4316e-01 7.4462e-01 1.3131e-03
7.3752e-01 7.3993e-01 1.3131e-03
7.4344e-01 7.4550e-01 1.3131e-03
7.4391e-01 7.4562e-01 1.3131e-03
7.3784e-01 7.4112e-01 1.3131e-03
7.3708e-01 7.3999e-01 1.3131e-03
7.3314e-01 7.3577e-01 1.3131e-03
7.2078e-01 7.2585e-01 1.3131e-03
7.1315e-01 7.1984e-01 1.3131e-03
7.1581e-01 7.2152e-01 1.3131e-03
7.2341e-01 7.2760e-01 1.3131e-03
7.1295e-01 7.1800e-01 1.3131e-03
7.1531e-01 7.2044e-01 1.3131e-03
7.0649e-01 7.0993e-01 1.3131e-03
7.0894e-01 7.1183e-01 1.3131e-03
7.1324e-01 7.1678e-01 1.3131e-03
7.0486e-01 7.0982e-01 1.3131e-03
7.0906e-01 7.1410e-01 1.3131e-03
7.0043e-01 7.0455e-01 1.3131e-03
6.9860e-01 7.0116e-01 1.3131e-03
7.1044e-01 7.1254e-01 1.3131e-03
6.9924e-01 7.0167e-01 1.3131e-03
6.9564e-01 6.9964e-01 1.3131e-03
7.0661e-01 7.1103e-01 1.3131e-03
6.9276e-01 6.9718e-01 1.3131e-03
6.9488e-01 7.0005e-01 1.3131e-03
7.0317e-01 7.0932e-01 1.3131e-03
6.9600e-01 7.0173e-01 1.3131e-03
6.8991e-01 6.9416e-01 1.3131e-03
6.9180e-01 6.9578e-01 1.3131e-03
7.0026e-01 7.0269e-01 1.3131e-03
6.9206e-01 6.9385e-01 1.3131e-03
6.8885e-01 6.8983e-01 1.3131e-03
6.8782e-01 6.8938e-01 1.3131e-03
6.8808e-01 6.9132e-01 1.3131e-03
6.8389e-01 6.8691e-01 1.3131e-03
6.8535e-01 6.8756e-01 1.3131e-03
6.8520e-01 6.8613e-01 1.3131e-03
6.7953e-01 6.8049e-01 1.3131e-03
6.7957e-01 6.8031e-01 1.3131e-03
6.8443e-01 6.8490e-01 1.3131e-03
6.8217e-01 6.8271e-01 1.3131e-03
6.8243e-01 6.8442e-01 1.3131e-03
6.7889e-01 6.8017e-01 1.3131e-03
6.7640e-01 6.7505e-01 1.3131e-03
6.7804e-01 6.7633e-01 1.3131e-03
6.7867e-01 6.7776e-01 1.3131e-03
6.7554e-01 6.7369e-01 1.3131e-03
6.8107e-01 6.7822e-01 1.3131e-03
6.7536e-01 6.7172e-01 1.3131e-03
6.7781e-01 6.7459e-01 1.3131e-03
6.7910e-01 6.7811e-01 1.3131e-03
6.7495e-01 6.7403e-01 1.3131e-03
6.7317e-01 6.7302e-01 1.3131e-03
6.7068e-01 6.6948e-01 1.3131e-03
6.7353e-01 6.7111e-01 1.3131e-03
6.7117e-01 6.6615e-01 1.3131e-03
6.7151e-01 6.6721e-01 1.3131e-03
6.7498e-01 6.7327e-01 1.3131e-03
6.6784e-01 6.6496e-01 1.3131e-03
6.6818e-01 6.6546e-01 1.3131e-03
6.6929e-01 6.6863e-01 1.3131e-03
6.6446e-01 6.6513e-01 1.3131e-03
6.6720e-01 6.6416e-01 1.3131e-03
6.6595e-01 6.6286e-01 1.3131e-03
6.6707e-01 6.6165e-01 1.3131e-03
6.7524e-01 6.7061e-01 1.3131e-03
6.7721e-01 6.7534e-01 1.3131e-03
6.7087e-01 6.7515e-01 1.3131e-03
6.7674e-01 6.8275e-01 1.3131e-03
6.6778e-01 6.6767e-01 1.3131e-03
6.6941e-01 6.6311e-01 1.3131e-03
6.7809e-01 6.7036e-01 1.3131e-03
6.7393e-01 6.6636e-01 1.3131e-03
6.7373e-01 6.7108e-01 1.3131e-03
6.6516e-01 6.6200e-01 1.3131e-03
6.6416e-01 6.5869e-01 1.3131e-03
6.6249e-01 6.5639e-01 1.3131e-03
6.5804e-01 6.5242e-01 1.3131e-03
6.5807e-01 6.5260e-01 1.3131e-03
6.5882e-01 6.5352e-01 1.3131e-03
6.5728e-01 6.5191e-01 1.3131e-03
6.5164e-01 6.4853e-01 1.3131e-03
6.4843e-01 6.4438e-01 1.3131e-03
6.4657e-01 6.4312e-01 1.3131e-03
6.5031e-01 6.4958e-01 1.3131e-03
6.4636e-01 6.4342e-01 1.3131e-03
6.6654e-01 6.6089e-01 1.3131e-03
6.4626e-01 6.4369e-01 1.3131e-03
7.0902e-01 7.1062e-01 1.3131e-03
6.8681e-01 6.8034e-01 1.3131e-03
7.0997e-01 7.0216e-01 1.3131e-03
7.1700e-01 7.0625e-01 1.3131e-03
7.0739e-01 7.0379e-01 1.3131e-03
6.8908e-01 6.9378e-01 1.3131e-03
6.7947e-01 6.8558e-01 1.3131e-03
6.8357e-01 6.8955e-01 1.3131e-03
6.8587e-01 6.8992e-01 1.3131e-03
6.8887e-01 6.9085e-01 1.3131e-03
6.8362e-01 6.8191e-01 1.3131e-03
6.7937e-01 6.7322e-01 1.3131e-03
6.7354e-01 6.6375e-01 1.3131e-03
6.7299e-01 6.6040e-01 1.3131e-03
6.7405e-01 6.5935e-01 1.3131e-03
6.7474e-01 6.6001e-01 1.3131e-03
6.7038e-01 6.5630e-01 1.3131e-03
6.7193e-01 6.5871e-01 1.3131e-03
6.6023e-01 6.4922e-01 1.3131e-03
6.5769e-01 6.4801e-01 1.3131e-03
6.6019e-01 6.5019e-01 1.3131e-03
6.5779e-01 6.4894e-01 1.3131e-03
6.5352e-01 6.4586e-01 1.3131e-03
6.5154e-01 6.4385e-01 1.3131e-03
6.5027e-01 6.4205e-01 1.3131e-03
6.4760e-01 6.3982e-01 1.3131e-03
6.4924e-01 6.4121e-01 1.3131e-03
6.4240e-01 6.3565e-01 1.3131e-03
6.3977e-01 6.3169e-01 1.3131e-03
6.4873e-01 6.4022e-01 1.3131e-03
6.3752e-01 6.3041e-01 1.3131e-03
6.3271e-01 6.2750e-01 1.3131e-03
6.4258e-01 6.3524e-01 1.3131e-03
6.3488e-01 6.2682e-01 1.3131e-03
6.2986e-01 6.1856e-01 1.3131e-03
6.7753e-01 6.7152e-01 1.3131e-03
6.6918e-01 6.7010e-01 1.3131e-03
6.6910e-01 6.6519e-01 1.3131e-03
6.7881e-01 6.7193e-01 1.3131e-03
6.7950e-01 6.7237e-01 1.3131e-03
6.7050e-01 6.6485e-01 1.3131e-03
6.6270e-01 6.5839e-01 1.3131e-03
6.6337e-01 6.5980e-01 1.3131e-03
6.5982e-01 6.5291e-01 1.3131e-03
6.5636e-01 6.4573e-01 1.3131e-03
6.5492e-01 6.4465e-01 1.3131e-03
6.4480e-01 6.3659e-01 1.3131e-03
6.4328e-01 6.3729e-01 1.3131e-03
6.4375e-01 6.3780e-01 1.3131e-03
6.3794e-01 6.3093e-01 1.3131e-03
6.3650e-01 6.2920e-01 1.3131e-03
6.3013e-01 6.2034e-01 1.3131e-03
6.3355e-01 6.2549e-01 1.3131e-03
6.2945e-01 6.2048e-01 1.3131e-03
6.3314e-01 6.2403e-01 1.3131e-03
6.4884e-01 6.4094e-01 1.3131e-03
6.4649e-01 6.3855e-01 1.3131e-03
6.3213e-01 6.2722e-01 1.3131e-03
6.3917e-01 6.3541e-01 1.3131e-03
6.2070e-01 6.1033e-01 1.3131e-03
6.3780e-01 6.2804e-01 1.3131e-03
6.2999e-01 6.2138e-01 1.3131e-03
6.2493e-01 6.1820e-01 1.3131e-03
6.1932e-01 6.1062e-01 1.3131e-03
6.1842e-01 6.0830e-01 1.3131e-03
6.1847e-01 6.1201e-01 1.3131e-03
6.2050e-01 6.1381e-01 1.3131e-03
6.1102e-01 6.0317e-01 1.3131e-03
6.1812e-01 6.0468e-01 1.3131e-03
6.2102e-01 6.1182e-01 1.3131e-03
6.3532e-01 6.2360e-01 1.3131e-03
6.3483e-01 6.2949e-01 1.3131e-03
6.3684e-01 6.3496e-01 1.3131e-03
6.5085e-01 6.4732e-01 1.3131e-03
6.4243e-01 6.3812e-01 1.3131e-03
6.1242e-01 6.0639e-01 1.3131e-03
6.7011e-01 6.6179e-01 1.3131e-03
6.3457e-01 6.2476e-01 1.3131e-03
6.5600e-01 6.4888e-01 1.3131e-03
6.6335e-01 6.5632e-01 1.3131e-03
6.6340e-01 6.5494e-01 1.3131e-03
6.5444e-01 6.4876e-01 1.3131e-03
6.4461e-01 6.4171e-01 1.3131e-03
6.4141e-01 6.3820e-01 1.3131e-03
6.4269e-01 6.3932e-01 1.3131e-03
6.3914e-01 6.3365e-01 1.3131e-03
6.2990e-01 6.1878e-01 1.3131e-03
6.1863e-01 6.0945e-01 1.3131e-03
6.2078e-01 6.1215e-01 1.3131e-03
6.1839e-01 6.0827e-01 1.3131e-03
6.1294e-01 5.9798e-01 1.3131e-03
6.1560e-01 5.9537e-01 1.3131e-03
6.1112e-01 5.9112e-01 1.3131e-03
5.9856e-01 5.8340e-01 1.3131e-03
5.9968e-01 5.9065e-01 1.3131e-03
5.9494e-01 5.8339e-01 1.3131e-03
5.8937e-01 5.7481e-01 1.3131e-03
5.9003e-01 5.7594e-01 1.3131e-03
6.4218e-01 6.2420e-01 1.3131e-03
6.3240e-01 6.2837e-01 1.3131e-03
6.4328e-01 6.4119e-01 1.3131e-03
6.2968e-01 6.2837e-01 1.3131e-03
6.0000e-01 5.9732e-01 1.3131e-03
6.4783e-01 6.3634e-01 1.3131e-03
6.2912e-01 6.2909e-01 1.3131e-03
6.0668e-01 6.0523e-01 1.3131e-03
6.2398e-01 6.2196e-01 1.3131e-03
6.2839e-01 6.2596e-01 1.3131e-03
6.1976e-01 6.1765e-01 1.3131e-03
6.1076e-01 6.0821e-01 1.3131e-03
6.1389e-01 6.1028e-01 1.3131e-03
6.1235e-01 6.0304e-01 1.3131e-03
6.1929e-01 6.0883e-01 1.3131e-03
6.1574e-01 6.0970e-01 1.3131e-03
5.9510e-01 5.9364e-01 1.3131e-03
6.1223e-01 6.1102e-01 1.3131e-03
5.9872e-01 5.9699e-01 1.3131e-03
5.9224e-01 5.8696e-01 1.3131e-03
5.9570e-01 5.8510e-01 1.3131e-03
5.8148e-01 5.7161e-01 1.3131e-03
5.7072e-01 5.6523e-01 1.3131e-03
5.7181e-01 5.6853e-01 1.3131e-03
5.6699e-01 5.6003e-01 1.3131e-03
6.1115e-01 6.0489e-01 1.3131e-03
7.0118e-01 7.0048e-01 1.3131e-03
6.3775e-01 6.3416e-01 1.3131e-03
6.4152e-01 6.4009e-01 1.3131e-03
6.5927e-01 6.5949e-01 1.3131e-03
6.5250e-01 6.5287e-01 1.3131e-03
6.4022e-01 6.3775e-01 1.3131e-03
6.3155e-01 6.3191e-01 1.3131e-03
6.2989e-01 6.3306e-01 1.3131e-03
6.3196e-01 6.3861e-01 1.3131e-03
6.3456e-01 6.3954e-01 1.3131e-03
6.2590e-01 6.2539e-01 1.3131e-03
6.1777e-01 6.1186e-01 1.3131e-03
6.2337e-01 6.1322e-01 1.3131e-03
6.1605e-01 6.0349e-01 1.3131e-03
6.0859e-01 5.9646e-01 1.3131e-03
6.1329e-01 6.0216e-01 1.3131e-03
5.9250e-01 5.8230e-01 1.3131e-03
6.0381e-01 5.8936e-01 1.3131e-03
5.7851e-01 5.6903e-01 1.3131e-03
5.8081e-01 5.7160e-01 1.3131e-03
6.0797e-01 5.9708e-01 1.3131e-03
5.8117e-01 5.7773e-01 1.3131e-03
5.7328e-01 5.6561e-01 1.3131e-03
6.5631e-01 6.3636e-01 1.3131e-03
5.9976e-01 5.9702e-01 1.3131e-03
6.2506e-01 6.2461e-01 1.3131e-03
6.0237e-01 6.0369e-01 1.3131e-03
5.8367e-01 5.8425e-01 1.3131e-03
6.0968e-01 6.0552e-01 1.3131e-03
5.8305e-01 5.8026e-01 1.3131e-03
5.7901e-01 5.7581e-01 3.9393e-04
5.7615e-01 5.7167e-01 3.9393e-04
5.7374e-01 5.6797e-01 3.9393e-04
5.7284e-01 5.6623e-01 3.9393e-04
5.7230e-01 5.6475e-01 3.9393e-04
5.7017e-01 5.6140e-01 3.9393e-04
5.6670e-01 5.5675e-01 3.9393e-04
5.6305e-01 5.5213e-01 3.9393e-04
5.6046e-01 5.4956e-01 3.9393e-04
5.5807e-01 5.4784e-01 3.9393e-04
5.5641e-01 5.4815e-01 3.9393e-04
5.5301e-01 5.4583e-01 3.9393e-04
5.4916e-01 5.4147e-01 3.9393e-04
5.4633e-01 5.3680e-01 3.9393e-04
5.4449e-01 5.3368e-01 3.9393e-04
5.4390e-01 5.3348e-01 3.9393e-04
5.4298e-01 5.3345e-01 3.9393e-04
5.3823e-01 5.2889e-01 3.9393e-04
5.3531e-01 5.2553e-01 3.9393e-04
5.3491e-01 5.2348e-01 3.9393e-04
5.3706e-01 5.2487e-01 3.9393e-04
5.3463e-01 5.2337e-01 3.9393e-04
5.3213e-01 5.2043e-01 3.9393e-04
5.3161e-01 5.1824e-01 3.9393e-04
5.3245e-01 5.1936e-01 3.9393e-04
5.2890e-01 5.1681e-01 3.9393e-04
5.2801e-01 5.1900e-01 3.9393e-04
5.3410e-01 5.2545e-01 3.9393e-04
5.2411e-01 5.1645e-01 3.9393e-04
5.2255e-01 5.1508e-01 3.9393e-04
5.3046e-01 5.2227e-01 3.9393e-04
5.1966e-01 5.1483e-01 3.9393e-04
5.1844e-01 5.1295e-01 3.9393e-04
5.4801e-01 5.3386e-01 3.9393e-04
5.1976e-01 5.0752e-01 3.9393e-04
5.2012e-01 5.1207e-01 3.9393e-04
5.2354e-01 5.1314e-01 3.9393e-04
5.1334e-01 5.0730e-01 3.9393e-04
5.1140e-01 5.0810e-01 3.9393e-04
5.0952e-01 5.0743e-01 3.9393e-04
5.1874e-01 5.1399e-01 3.9393e-04
5.0907e-01 5.0389e-01 3.9393e-04
5.1032e-01 5.0161e-01 3.9393e-04
5.2048e-01 5.1031e-01 3.9393e-04
5.1218e-01 5.0305e-01 3.9393e-04
5.1438e-01 5.0453e-01 3.9393e-04
5.0683e-01 4.9896e-01 3.9393e-04
5.0589e-01 5.0065e-01 3.9393e-04
5.0939e-01 5.0182e-01 3.9393e-04
5.0941e-01 4.9922e-01 3.9393e-04
5.0657e-01 4.9611e-01 3.9393e-04
5.0967e-01 4.9959e-01 3.9393e-04
5.0962e-01 4.9934e-01 3.9393e-04
5.0490e-01 4.9448e-01 3.9393e-04
5.0494e-01 4.9576e-01 3.9393e-04
5.0824e-01 4.9832e-01 3.9393e-04
5.0078e-01 4.9499e-01 3.9393e-04
5.0426e-01 4.9598e-01 3.9393e-04
5.0373e-01 4.9532e-01 3.9393e-04
5.0092e-01 4.9230e-01 3.9393e-04
5.1574e-01 5.0489e-01 3.9393e-04
5.2417e-01 5.2027e-01 3.9393e-04
5.2414e-01 5.0982e-01 3.9393e-04
5.1136e-01 5.0088e-01 3.9393e-04
5.0492e-01 5.0042e-01 3.9393e-04
5.1498e-01 5.0410e-01 3.9393e-04
5.0204e-01 4.9346e-01 3.9393e-04
5.0114e-01 4.9606e-01 3.9393e-04
5.1927e-01 5.1076e-01 3.9393e-04
5.0322e-01 4.9431e-01 3.9393e-04
5.0533e-01 4.9666e-01 3.9393e-04
5.2410e-01 5.0937e-01 3.9393e-04
5.0559e-01 4.9406e-01 3.9393e-04
5.0684e-01 4.9835e-01 3.9393e-04
5.2979e-01 5.1416e-01 3.9393e-04
5.0131e-01 4.9367e-01 3.9393e-04
4.9932e-01 4.9753e-01 3.9393e-04
5.0945e-01 4.9648e-01 3.9393e-04
5.0953e-01 4.9748e-01 3.9393e-04
4.9969e-01 4.9765e-01 3.9393e-04
4.9804e-01 4.9325e-01 3.9393e-04
5.1845e-01 5.0693e-01 3.9393e-04
4.9451e-01 4.8657e-01 3.9393e-04
4.9793e-01 4.9441e-01 3.9393e-04
5.2854e-01 5.1585e-01 3.9393e-04
5.0257e-01 4.9029e-01 3.9393e-04
5.0039e-01 4.9280e-01 3.9393e-04
4.9321e-01 4.8222e-01 3.9393e-04
5.0965e-01 4.9692e-01 3.9393e-04
4.9233e-01 4.8661e-01 3.9393e-04
4.8923e-01 4.8300e-01 3.9393e-04
5.0838e-01 4.9630e-01 3.9393e-04
4.9243e-01 4.8895e-01 3.9393e-04
4.9424e-01 4.8678e-01 3.9393e-04
5.1096e-01 4.9657e-01 3.9393e-04
4.9364e-01 4.8529e-01 3.9393e-04
4.9059e-01 4.7996e-01 3.9393e-04
5.0490e-01 4.9273e-01 3.9393e-04
4.9291e-01 4.8953e-01 3.9393e-04
4.8963e-01 4.8178e-01 3.9393e-04
4.9483e-01 4.8502e-01 3.9393e-04
4.8536e-01 4.8053e-01 3.9393e-04
4.8278e-01 4.8033e-01 3.9393e-04
4.9997e-01 4.9351e-01 3.9393e-04
4.8061e-01 4.7960e-01 3.9393e-04
4.8103e-01 4.7637e-01 3.9393e-04
4.8307e-01 4.7741e-01 3.9393e-04
4.8080e-01 4.7770e-01 3.9393e-04
4.9224e-01 4.8571e-01 3.9393e-04
4.8382e-01 4.7993e-01 3.9393e-04
5.0305e-01 4.9023e-01 3.9393e-04
4.8359e-01 4.7379e-01 3.9393e-04
4.8653e-01 4.7728e-01 3.9393e-04
4.9338e-01 4.8065e-01 3.9393e-04
4.9160e-01 4.8118e-01 3.9393e-04
4.8314e-01 4.7917e-01 3.9393e-04
4.9654e-01 4.8469e-01 3.9393e-04
4.7741e-01 4.7416e-01 3.9393e-04
4.8125e-01 4.7731e-01 3.9393e-04
4.9913e-01 4.8805e-01 3.9393e-04
4.8843e-01 4.8363e-01 3.9393e-04
4.8875e-01 4.7802e-01 3.9393e-04
4.8618e-01 4.7804e-01 3.9393e-04
4.7698e-01 4.7050e-01 3.9393e-04
4.9130e-01 4.8032e-01 3.9393e-04
4.8340e-01 4.7627e-01 3.9393e-04
5.0123e-01 4.9143e-01 3.9393e-04
4.8592e-01 4.8143e-01 3.9393e-04
4.7908e-01 4.7546e-01 3.9393e-04
4.8267e-01 4.7538e-01 3.9393e-04
4.8176e-01 4.7520e-01 3.9393e-04
4.8242e-01 4.7672e-01 3.9393e-04
5.0935e-01 4.9973e-01 3.9393e-04
4.7383e-01 4.7074e-01 3.9393e-04
4.7849e-01 4.7671e-01 3.9393e-04
4.9394e-01 4.8309e-01 3.9393e-04
4.7871e-01 4.7269e-01 3.9393e-04
4.8205e-01 4.7671e-01 3.9393e-04
4.8888e-01 4.7757e-01 3.9393e-04
4.7717e-01 4.6869e-01 3.9393e-04
4.7423e-01 4.7164e-01 3.9393e-04
4.7332e-01 4.6798e-01 3.9393e-04
4.7888e-01 4.7161e-01 3.9393e-04
4.7304e-01 4.6893e-01 3.9393e-04
4.7749e-01 4.7058e-01 3.9393e-04
4.7542e-01 4.7085e-01 3.9393e-04
5.0438e-01 4.8576e-01 3.9393e-04
4.7835e-01 4.6778e-01 3.9393e-04
4.7913e-01 4.6924e-01 3.9393e-04
4.9625e-01 4.8215e-01 3.9393e-04
4.7167e-01 4.6558e-01 3.9393e-04
4.7379e-01 4.7005e-01 3.9393e-04
4.9107e-01 4.7924e-01 3.9393e-04
4.7530e-01 4.6877e-01 3.9393e-04
4.8195e-01 4.7245e-01 3.9393e-04
4.9871e-01 4.8047e-01 3.9393e-04
4.7708e-01 4.6638e-01 3.9393e-04
4.7250e-01 4.6766e-01 3.9393e-04
4.7611e-01 4.6744e-01 3.9393e-04
4.7645e-01 4.7074e-01 3.9393e-04
4.8021e-01 4.8110e-01 3.9393e-04
4.8925e-01 4.8147e-01 3.9393e-04
4.7349e-01 4.6851e-01 3.9393e-04
4.7302e-01 4.7207e-01 3.9393e-04
4.7344e-01 4.6409e-01 3.9393e-04
4.7517e-01 4.6545e-01 3.9393e-04
4.7200e-01 4.6885e-01 3.9393e-04
4.7338e-01 4.6662e-01 3.9393e-04
4.7322e-01 4.6692e-01 3.9393e-04
4.6723e-01 4.6781e-01 3.9393e-04
4.7403e-01 4.6522e-01 3.9393e-04
4.6652e-01 4.6140e-01 3.9393e-04
4.6714e-01 4.6385e-01 3.9393e-04
4.8080e-01 4.7103e-01 3.9393e-04
4.7389e-01 4.6750e-01 3.9393e-04
4.6467e-01 4.6772e-01 3.9393e-04
4.6364e-01 4.6218e-01 3.9393e-04
4.6880e-01 4.6445e-01 3.9393e-04
4.6485e-01 4.6471e-01 3.9393e-04
4.6779e-01 4.6375e-01 3.9393e-04
4.6750e-01 4.6334e-01 3.9393e-04
4.6263e-01 4.6397e-01 3.9393e-04
4.7000e-01 4.6522e-01 3.9393e-04
4.5951e-01 4.5884e-01 3.9393e-04
4.6340e-01 4.6151e-01 3.9393e-04
4.7035e-01 4.6587e-01 3.9393e-04
4.6318e-01 4.6218e-01 3.9393e-04
4.7620e-01 4.6642e-01 3.9393e-04
4.6334e-01 4.6033e-01 3.9393e-04
4.6142e-01 4.6117e-01 3.9393e-04
4.9423e-01 4.8560e-01 3.9393e-04
4.5914e-01 4.5783e-01 3.9393e-04
4.6074e-01 4.6094e-01 3.9393e-04
4.6928e-01 4.6285e-01 3.9393e-04
4.6155e-01 4.6079e-01 3.9393e-04
4.6362e-01 4.5864e-01 3.9393e-04
4.6269e-01 4.5748e-01 3.9393e-04
4.5412e-01 4.5410e-01 3.9393e-04
4.5706e-01 4.5651e-01 3.9393e-04
4.5930e-01 4.5587e-01 3.9393e-04
4.6351e-01 4.5863e-01 3.9393e-04
4.7570e-01 4.6677e-01 3.9393e-04
4.7379e-01 4.7314e-01 3.9393e-04
4.6545e-01 4.5858e-01 3.9393e-04
4.6406e-01 4.6051e-01 3.9393e-04
4.6055e-01 4.5658e-01 3.9393e-04
4.6441e-01 4.5932e-01 3.9393e-04
4.5830e-01 4.5245e-01 3.9393e-04
4.5931e-01 4.5240e-01 3.9393e-04
4.6697e-01 4.5814e-01 3.9393e-04
4.6044e-01 4.5927e-01 3.9393e-04
4.6911e-01 4.6239e-01 3.9393e-04
4.6623e-01 4.6659e-01 3.9393e-04
4.6113e-01 4.5774e-01 3.9393e-04
4.6094e-01 4.5750e-01 3.9393e-04
4.5993e-01 4.5818e-01 3.9393e-04
4.7133e-01 4.6162e-01 3.9393e-04
4.6934e-01 4.6618e-01 3.9393e-04
4.6286e-01 4.5778e-01 3.9393e-04
4.7106e-01 4.6532e-01 3.9393e-04
4.6078e-01 4.6447e-01 3.9393e-04
4.7831e-01 4.6662e-01 3.9393e-04
4.6708e-01 4.5975e-01 3.9393e-04
4.5399e-01 4.5670e-01 3.9393e-04
4.5512e-01 4.5353e-01 3.9393e-04
4.5663e-01 4.5188e-01 3.9393e-04
4.6064e-01 4.5854e-01 3.9393e-04
4.5830e-01 4.5389e-01 3.9393e-04
4.5263e-01 4.5319e-01 3.9393e-04
4.5239e-01 4.4951e-01 3.9393e-04
4.6111e-01 4.5504e-01 3.9393e-04
4.5601e-01 4.5795e-01 3.9393e-04
4.6658e-01 4.6190e-01 3.9393e-04
4.5034e-01 4.5138e-01 3.9393e-04
4.4797e-01 4.4996e-01 3.9393e-04
4.5396e-01 4.5143e-01 3.9393e-04
4.4735e-01 4.4734e-01 3.9393e-04
4.4827e-01 4.4820e-01 3.9393e-04
4.5488e-01 4.4971e-01 3.9393e-04
4.5110e-01 4.4709e-01 3.9393e-04
4.5074e-01 4.4918e-01 3.9393e-04
4.6142e-01 4.5438e-01 3.9393e-04
4.5086e-01 4.4977e-01 3.9393e-04
4.5461e-01 4.4970e-01 3.9393e-04
4.5834e-01 4.5142e-01 3.9393e-04
4.5633e-01 4.5837e-01 3.9393e-04
4.7556e-01 4.6913e-01 3.9393e-04
4.5012e-01 4.5091e-01 3.9393e-04
4.5208e-01 4.5047e-01 3.9393e-04
4.4677e-01 4.4783e-01 3.9393e-04
4.4904e-01 4.4979e-01 3.9393e-04
4.4964e-01 4.4809e-01 3.9393e-04
4.5058e-01 4.4864e-01 3.9393e-04
4.4349e-01 4.4487e-01 3.9393e-04
4.4643e-01 4.4578e-01 3.9393e-04
4.4790e-01 4.4334e-01 3.9393e-04
4.5279e-01 4.4506e-01 3.9393e-04
4.4784e-01 4.4406e-01 3.9393e-04
4.7092e-01 4.6219e-01 3.9393e-04
4.4937e-01 4.5166e-01 3.9393e-04
4.4649e-01 4.5117e-01 3.9393e-04
4.5839e-01 4.5810e-01 3.9393e-04
4.5036e-01 4.5924e-01 3.9393e-04
4.4488e-01 4.4480e-01 3.9393e-04
4.6110e-01 4.5204e-01 3.9393e-04
4.5185e-01 4.4829e-01 3.9393e-04
4.5277e-01 4.4769e-01 3.9393e-04
4.5199e-01 4.4717e-01 3.9393e-04
4.4839e-01 4.4959e-01 3.9393e-04
4.5795e-01 4.5495e-01 3.9393e-04
4.4351e-01 4.4807e-01 3.9393e-04
4.5339e-01 4.5021e-01 3.9393e-04
4.4997e-01 4.4500e-01 3.9393e-04
4.4608e-01 4.4180e-01 3.9393e-04
4.6040e-01 4.4830e-01 3.9393e-04
4.5100e-01 4.4581e-01 3.9393e-04
4.5064e-01 4.4477e-01 3.9393e-04
4.4901e-01 4.4452e-01 3.9393e-04
4.4447e-01 4.4842e-01 3.9393e-04
4.4280e-01 4.4284e-01 3.9393e-04
4.5246e-01 4.4798e-01 3.9393e-04
4.4372e-01 4.4540e-01 3.9393e-04
4.4370e-01 4.4121e-01 3.9393e-04
4.4237e-01 4.3963e-01 3.9393e-04
4.5425e-01 4.4792e-01 3.9393e-04
4.4193e-01 4.4623e-01 3.9393e-04
4.5733e-01 4.5501e-01 3.9393e-04
4.4182e-01 4.4146e-01 3.9393e-04
4.5151e-01 4.5222e-01 3.9393e-04
4.5880e-01 4.5126e-01 3.9393e-04
4.4647e-01 4.4798e-01 3.9393e-04
4.4805e-01 4.4644e-01 3.9393e-04
4.6123e-01 4.5522e-01 3.9393e-04
4.3698e-01 4.4186e-01 3.9393e-04
4.4458e-01 4.5357e-01 3.9393e-04
4.5945e-01 4.5541e-01 3.9393e-04
4.5072e-01 4.4602e-01 3.9393e-04
4.4426e-01 4.4170e-01 3.9393e-04
4.4828e-01 4.4775e-01 3.9393e-04
4.4732e-01 4.4366e-01 3.9393e-04
4.5444e-01 4.5563e-01 3.9393e-04
4.3683e-01 4.3842e-01 3.9393e-04
4.6737e-01 4.6215e-01 3.9393e-04
4.3938e-01 4.4275e-01 3.9393e-04
4.4156e-01 4.4521e-01 3.9393e-04
4.5946e-01 4.5574e-01 3.9393e-04
4.3907e-01 4.4402e-01 3.9393e-04
4.3876e-01 4.4389e-01 3.9393e-04
4.5076e-01 4.4758e-01 3.9393e-04
4.4050e-01 4.4011e-01 3.9393e-04
4.4401e-01 4.4443e-01 3.9393e-04
4.5159e-01 4.4510e-01 3.9393e-04
4.3638e-01 4.3940e-01 3.9393e-04
4.3732e-01 4.3832e-01 3.9393e-04
4.3704e-01 4.3939e-01 3.9393e-04
4.3606e-01 4.4047e-01 3.9393e-04
4.4681e-01 4.4138e-01 3.9393e-04
4.3976e-01 4.3587e-01 3.9393e-04
4.4063e-01 4.3840e-01 3.9393e-04
4.7895e-01 4.6865e-01 3.9393e-04
4.4074e-01 4.3832e-01 3.9393e-04
4.8013e-01 4.8589e-01 3.9393e-04
4.4732e-01 4.5391e-01 3.9393e-04
4.9539e-01 4.8532e-01 3.9393e-04
4.9101e-01 4.7889e-01 3.9393e-04
4.5147e-01 4.5392e-01 3.9393e-04
4.7162e-01 4.7547e-01 3.9393e-04
4.4704e-01 4.4814e-01 3.9393e-04
4.5980e-01 4.5449e-01 3.9393e-04
4.4965e-01 4.5032e-01 3.9393e-04
4.5479e-01 4.5740e-01 3.9393e-04
4.5357e-01 4.4785e-01 3.9393e-04
4.6212e-01 4.5388e-01 3.9393e-04
4.5057e-01 4.4576e-01 3.9393e-04
4.5292e-01 4.4630e-01 3.9393e-04
4.5721e-01 4.4824e-01 3.9393e-04
4.5623e-01 4.4897e-01 3.9393e-04
4.4294e-01 4.5121e-01 3.9393e-04
4.4698e-01 4.4947e-01 3.9393e-04
4.5484e-01 4.5489e-01 3.9393e-04
4.4620e-01 4.5206e-01 3.9393e-04
4.4350e-01 4.3922e-01 3.9393e-04
4.6176e-01 4.4974e-01 3.9393e-04
4.3942e-01 4.3774e-01 3.9393e-04
4.3740e-01 4.3662e-01 3.9393e-04
4.5259e-01 4.4764e-01 3.9393e-04
4.3500e-01 4.3707e-01 3.9393e-04
4.4097e-01 4.4785e-01 3.9393e-04
4.4043e-01 4.4074e-01 3.9393e-04
4.3892e-01 4.3943e-01 1.1818e-04
4.3476e-01 4.3618e-01 1.1818e-04
4.3442e-01 4.3592e-01 1.1818e-04
4.3643e-01 4.3732e-01 1.1818e-04
4.3550e-01 4.3530e-01 1.1818e-04
4.3799e-01 4.3606e-01 1.1818e-04
4.3661e-01 4.3513e-01 1.1818e-04
4.3174e-01 4.3204e-01 1.1818e-04
4.3017e-01 4.3249e-01 1.1818e-04
4.2995e-01 4.3266e-01 1.1818e-04
4.3037e-01 4.3126e-01 1.1818e-04
4.3551e-01 4.3338e-01 1.1818e-04
4.3835e-01 4.3565e-01 1.1818e-04
4.3383e-01 4.3359e-01 1.1818e-04
4.3169e-01 4.3393e-01 1.1818e-04
4.3148e-01 4.3468e-01 1.1818e-04
4.3120e-01 4.3381e-01 1.1818e-04
4.3344e-01 4.3460e-01 1.1818e-04
4.3120e-01 4.3270e-01 1.1818e-04
4.2995e-01 4.3203e-01 1.1818e-04
4.2894e-01 4.3147e-01 1.1818e-04
4.2909e-01 4.3107e-01 1.1818e-04
4.3116e-01 4.3137e-01 1.1818e-04
4.3390e-01 4.3287e-01 1.1818e-04
4.3202e-01 4.3189e-01 1.1818e-04
4.2972e-01 4.3098e-01 1.1818e-04
4.2826e-01 4.3093e-01 1.1818e-04
4.2767e-01 4.3043e-01 1.1818e-04
4.2878e-01 4.3009e-01 1.1818e-04
4.3151e-01 4.3087e-01 1.1818e-04
4.3131e-01 4.3043e-01 1.1818e-04
4.2840e-01 4.2926e-01 1.1818e-04
4.2825e-01 4.2964e-01 1.1818e-04
4.2827e-01 4.3009e-01 1.1818e-04
4.2895e-01 4.2986e-01 1.1818e-04
4.3013e-01 4.3044e-01 1.1818e-04
4.2935e-01 4.3043e-01 1.1818e-04
4.2543e-01 4.2868e-01 1.1818e-04
4.2535e-01 4.3080e-01 1.1818e-04
4.2528e-01 4.2926e-01 1.1818e-04
4.3071e-01 4.3119e-01 1.1818e-04
4.3426e-01 4.3326e-01 1.1818e-04
4.2909e-01 4.2955e-01 1.1818e-04
4.2749e-01 4.3031e-01 1.1818e-04
4.2671e-01 4.2945e-01 1.1818e-04
4.2673e-01 4.2874e-01 1.1818e-04
4.3167e-01 4.3162e-01 1.1818e-04
4.3096e-01 4.2960e-01 1.1818e-04
4.2852e-01 4.2877e-01 1.1818e-04
4.2971e-01 4.3183e-01 1.1818e-04
4.2693e-01 4.2941e-01 1.1818e-04
4.2718e-01 4.2933e-01 1.1818e-04
4.2964e-01 4.3173e-01 1.1818e-04
4.2934e-01 4.3188e-01 1.1818e-04
4.2654e-01 4.3057e-01 1.1818e-04
4.2635e-01 4.3102e-01 1.1818e-04
4.2609e-01 4.2994e-01 1.1818e-04
4.2884e-01 4.3050e-01 1.1818e-04
4.2691e-01 4.2906e-01 1.1818e-04
4.2567e-01 4.2817e-01 1.1818e-04
4.2517e-01 4.2731e-01 1.1818e-04
4.2559e-01 4.2687e-01 1.1818e-04
4.2658e-01 4.2710e-01 1.1818e-04
4.2538e-01 4.2693e-01 1.1818e-04
4.2397e-01 4.2742e-01 1.1818e-04
4.2428e-01 4.2777e-01 1.1818e-04
4.2503e-01 4.2773e-01 1.1818e-04
4.2334e-01 4.2651e-01 1.1818e-04
4.2352e-01 4.2662e-01 1.1818e-04
4.2371e-01 4.2586e-01 1.1818e-04
4.2606e-01 4.2646e-01 1.1818e-04
4.2419e-01 4.2548e-01 1.1818e-04
4.2367e-01 4.2555e-01 1.1818e-04
4.2418e-01 4.2577e-01 1.1818e-04
4.2442e-01 4.2605e-01 1.1818e-04
4.2428e-01 4.2622e-01 1.1818e-04
4.2305e-01 4.2605e-01 1.1818e-04
4.2268e-01 4.2594e-01 1.1818e-04
4.2352e-01 4.2629e-01 1.1818e-04
4.2418e-01 4.2648e-01 1.1818e-04
4.2382e-01 4.2590e-01 1.1818e-04
4.2453e-01 4.2685e-01 1.1818e-04
4.2534e-01 4.2660e-01 1.1818e-04
4.2468e-01 4.2570e-01 1.1818e-04
4.2413e-01 4.2560e-01 1.1818e-04
4.2260e-01 4.2487e-01 1.1818e-04
4.2249e-01 4.2522e-01 1.1818e-04
4.2441e-01 4.2594e-01 1.1818e-04
4.2401e-01 4.2635e-01 1.1818e-04
4.2378e-01 4.2726e-01 1.1818e-04
4.2294e-01 4.2790e-01 1.1818e-04
4.2240e-01 4.2830e-01 1.1818e-04
4.2274e-01 4.2692e-01 1.1818e-04
4.2365e-01 4.2626e-01 1.1818e-04
4.2255e-01 4.2504e-01 1.1818e-04
4.2152e-01 4.2431e-01 1.1818e-04
4.2182e-01 4.2420e-01 1.1818e-04
4.2340e-01 4.2414e-01 1.1818e-04
4.2526e-01 4.2543e-01 1.1818e-04
4.2439e-01 4.2524e-01 1.1818e-04
4.2196e-01 4.2471e-01 1.1818e-04
4.2132e-01 4.2494e-01 1.1818e-04
4.2174e-01 4.2376e-01 1.1818e-04
4.2508e-01 4.2509e-01 1.1818e-04
4.2446e-01 4.2452e-01 1.1818e-04
4.2229e-01 4.2402e-01 1.1818e-04
4.2200e-01 4.2483e-01 1.1818e-04
4.2226e-01 4.2419e-01 1.1818e-04
4.2742e-01 4.2800e-01 1.1818e-04
4.2602e-01 4.2752e-01 1.1818e-04
4.2103e-01 4.2538e-01 1.1818e-04
4.2314e-01 4.2856e-01 1.1818e-04
4.2250e-01 4.2564e-01 1.1818e-04
4.3044e-01 4.2924e-01 1.1818e-04
4.3320e-01 4.3076e-01 1.1818e-04
4.2344e-01 4.2416e-01 1.1818e-04
4.2141e-01 4.2453e-01 1.1818e-04
4.2157e-01 4.2457e-01 1.1818e-04
4.2360e-01 4.2417e-01 1.1818e-04
4.2755e-01 4.2626e-01 1.1818e-04
4.2388e-01 4.2445e-01 1.1818e-04
4.2229e-01 4.2466e-01 1.1818e-04
4.2173e-01 4.2513e-01 1.1818e-04
4.2292e-01 4.2505e-01 1.1818e-04
4.2795e-01 4.2812e-01 1.1818e-04
4.2383e-01 4.2565e-01 1.1818e-04
4.1997e-01 4.2407e-01 1.1818e-04
4.2131e-01 4.2612e-01 1.1818e-04
4.1950e-01 4.2312e-01 1.1818e-04
4.2713e-01 4.2790e-01 1.1818e-04
4.2580e-01 4.2851e-01 1.1818e-04
4.1998e-01 4.2486e-01 1.1818e-04
4.2078e-01 4.2710e-01 1.1818e-04
4.2105e-01 4.2718e-01 1.1818e-04
4.2235e-01 4.2551e-01 1.1818e-04
4.2684e-01 4.2712e-01 1.1818e-04
4.2491e-01 4.2570e-01 1.1818e-04
4.2019e-01 4.2372e-01 1.1818e-04
4.2004e-01 4.2378e-01 1.1818e-04
4.2162e-01 4.2289e-01 1.1818e-04
4.2564e-01 4.2420e-01 1.1818e-04
4.2438e-01 4.2342e-01 1.1818e-04
4.2040e-01 4.2165e-01 1.1818e-04
4.1943e-01 4.2184e-01 1.1818e-04
4.1962e-01 4.2181e-01 1.1818e-04
4.1916e-01 4.2113e-01 1.1818e-04
4.1878e-01 4.2053e-01 1.1818e-04
4.1909e-01 4.2128e-01 1.1818e-04
4.1956e-01 4.2028e-01 1.1818e-04
4.2366e-01 4.2211e-01 1.1818e-04
4.2379e-01 4.2225e-01 1.1818e-04
4.2095e-01 4.2115e-01 1.1818e-04
4.1968e-01 4.2121e-01 1.1818e-04
4.2009e-01 4.2100e-01 1.1818e-04
4.2044e-01 4.2089e-01 1.1818e-04
4.2019e-01 4.2097e-01 1.1818e-04
4.2006e-01 4.2139e-01 1.1818e-04
4.2039e-01 4.2199e-01 1.1818e-04
4.2323e-01 4.2448e-01 1.1818e-04
4.2209e-01 4.2367e-01 1.1818e-04
4.1952e-01 4.2314e-01 1.1818e-04
4.2030e-01 4.2408e-01 1.1818e-04
4.2084e-01 4.2167e-01 1.1818e-04
4.2615e-01 4.2584e-01 1.1818e-04
4.2462e-01 4.2466e-01 1.1818e-04
4.1993e-01 4.1992e-01 1.1818e-04
4.2095e-01 4.2057e-01 1.1818e-04
4.2262e-01 4.2125e-01 1.1818e-04
4.2391e-01 4.2158e-01 1.1818e-04
4.2457e-01 4.2232e-01 1.1818e-04
4.2020e-01 4.2024e-01 1.1818e-04
4.1894e-01 4.2073e-01 1.1818e-04
4.1883e-01 4.2119e-01 1.1818e-04
4.2034e-01 4.2217e-01 1.1818e-04
4.2284e-01 4.2331e-01 1.1818e-04
4.2302e-01 4.2363e-01 1.1818e-04
4.2140e-01 4.2267e-01 1.1818e-04
4.1994e-01 4.2225e-01 1.1818e-04
4.1968e-01 4.2277e-01 1.1818e-04
4.2458e-01 4.2602e-01 1.1818e-04
4.2561e-01 4.2546e-01 1.1818e-04
4.2041e-01 4.2277e-01 1.1818e-04
4.1987e-01 4.2491e-01 1.1818e-04
4.1836e-01 4.2436e-01 1.1818e-04
4.2163e-01 4.2672e-01 1.1818e-04
4.2271e-01 4.2588e-01 1.1818e-04
4.1795e-01 4.2171e-01 1.1818e-04
4.1826e-01 4.2101e-01 1.1818e-04
4.1886e-01 4.1927e-01 1.1818e-04
4.2021e-01 4.1952e-01 1.1818e-04
4.2119e-01 4.1998e-01 1.1818e-04
4.2111e-01 4.1989e-01 1.1818e-04
4.2145e-01 4.1981e-01 1.1818e-04
4.2042e-01 4.1993e-01 1.1818e-04
4.1847e-01 4.1960e-01 1.1818e-04
4.1717e-01 4.1980e-01 1.1818e-04
4.1677e-01 4.1994e-01 1.1818e-04
4.1691e-01 4.1992e-01 1.1818e-04
4.2092e-01 4.2150e-01 1.1818e-04
4.2292e-01 4.2203e-01 1.1818e-04
4.2169e-01 4.2117e-01 1.1818e-04
4.1799e-01 4.1926e-01 1.1818e-04
4.1758e-01 4.2025e-01 1.1818e-04
4.1966e-01 4.2074e-01 1.1818e-04
4.2102e-01 4.1930e-01 1.1818e-04
4.2283e-01 4.1952e-01 1.1818e-04
4.2433e-01 4.1991e-01 1.1818e-04
4.2350e-01 4.1982e-01 1.1818e-04
4.2095e-01 4.1954e-01 1.1818e-04
4.1941e-01 4.1948e-01 1.1818e-04
4.1803e-01 4.1944e-01 1.1818e-04
4.1619e-01 4.1894e-01 1.1818e-04
4.1642e-01 4.1976e-01 1.1818e-04
4.1660e-01 4.1939e-01 1.1818e-04
4.2160e-01 4.2268e-01 1.1818e-04
4.2347e-01 4.2354e-01 1.1818e-04
4.1831e-01 4.2006e-01 1.1818e-04
4.1852e-01 4.2161e-01 1.1818e-04
4.1639e-01 4.1954e-01 1.1818e-04
4.1847e-01 4.2065e-01 1.1818e-04
4.1930e-01 4.2212e-01 1.1818e-04
4.1781e-01 4.2211e-01 1.1818e-04
4.1694e-01 4.2309e-01 1.1818e-04
4.1684e-01 4.2200e-01 1.1818e-04
4.1972e-01 4.2184e-01 1.1818e-04
4.2414e-01 4.2368e-01 1.1818e-04
4.1771e-01 4.1952e-01 1.1818e-04
4.1683e-01 4.2050e-01 1.1818e-04
4.1451e-01 4.1788e-01 1.1818e-04
4.1870e-01 4.2154e-01 1.1818e-04
4.2008e-01 4.2243e-01 1.1818e-04
4.1477e-01 4.1879e-01 1.1818e-04
4.1579e-01 4.2031e-01 1.1818e-04
4.1641e-01 4.2047e-01 1.1818e-04
4.1717e-01 4.1930e-01 1.1818e-04
4.1863e-01 4.1943e-01 1.1818e-04
4.1482e-01 4.1789e-01 1.1818e-04
4.1419e-01 4.1803e-01 1.1818e-04
4.1522e-01 4.1666e-01 1.1818e-04
4.2017e-01 4.1932e-01 1.1818e-04
4.1804e-01 4.1846e-01 1.1818e-04
4.1548e-01 4.1822e-01 1.1818e-04
4.1560e-01 4.1968e-01 1.1818e-04
4.1529e-01 4.1964e-01 1.1818e-04
4.1546e-01 4.1905e-01 1.1818e-04
4.1907e-01 4.2193e-01 1.1818e-04
4.1844e-01 4.2067e-01 1.1818e-04
4.1573e-01 4.1862e-01 1.1818e-04
4.1894e-01 4.2115e-01 1.1818e-04
4.1708e-01 4.1800e-01 1.1818e-04
4.2622e-01 4.2522e-01 1.1818e-04
4.2703e-01 4.2695e-01 1.1818e-04
4.1611e-01 4.1854e-01 1.1818e-04
4.1651e-01 4.1780e-01 1.1818e-04
4.1966e-01 4.1709e-01 1.1818e-04
4.2234e-01 4.1857e-01 1.1818e-04
4.2093e-01 4.1882e-01 1.1818e-04
4.1560e-01 4.1829e-01 1.1818e-04
4.1538e-01 4.1988e-01 1.1818e-04
4.1662e-01 4.2030e-01 1.1818e-04
4.2011e-01 4.2199e-01 1.1818e-04
4.1818e-01 4.2169e-01 1.1818e-04
4.1587e-01 4.1893e-01 1.1818e-04
4.1723e-01 4.1931e-01 1.1818e-04
4.1790e-01 4.2022e-01 1.1818e-04
4.1473e-01 4.1710e-01 1.1818e-04
4.1648e-01 4.1750e-01 1.1818e-04
4.1887e-01 4.1830e-01 1.1818e-04
4.1936e-01 4.1882e-01 1.1818e-04
4.1707e-01 4.1814e-01 1.1818e-04
4.1585e-01 4.1756e-01 3.5454e-05
4.1414e-01 4.1669e-01 3.5454e-05
4.1286e-01 4.1615e-01 3.5454e-05
4.1213e-01 4.1591e-01 3.5454e-05
4.1205e-01 4.1597e-01 3.5454e-05
4.1219e-01 4.1573e-01 3.5454e-05
4.1251e-01 4.1546e-01 3.5454e-05
4.1320e-01 4.1582e-01 3.5454e-05
4.1417e-01 4.1658e-01 3.5454e-05
4.1527e-01 4.1752e-01 3.5454e-05
4.1580e-01 4.1802e-01 3.5454e-05
4.1524e-01 4.1763e-01 3.5454e-05
4.1381e-01 4.1677e-01 3.5454e-05
4.1325e-01 4.1668e-01 3.5454e-05
4.1340e-01 4.1728e-01 3.5454e-05
4.1303e-01 4.1722e-01 3.5454e-05
4.1248e-01 4.1687e-01 3.5454e-05
4.1292e-01 4.1692e-01 3.5454e-05
4.1465e-01 4.1766e-01 3.5454e-05
4.1624e-01 4.1852e-01 3.5454e-05
4.1516e-01 4.1778e-01 3.5454e-05
4.1301e-01 4.1657e-01 3.5454e-05
4.1165e-01 4.1619e-01 3.5454e-05
4.1169e-01 4.1662e-01 3.5454e-05
4.1201e-01 4.1694e-01 3.5454e-05
4.1199e-01 4.1653e-01 3.5454e-05
4.1289e-01 4.1659e-01 3.5454e-05
4.1532e-01 4.1772e-01 3.5454e-05
4.1745e-01 4.1874e-01 3.5454e-05
4.1606e-01 4.1798e-01 3.5454e-05
4.1399e-01 4.1694e-01 3.5454e-05
4.1201e-01 4.1634e-01 3.5454e-05
4.1164e-01 4.1700e-01 3.5454e-05
4.1175e-01 4.1736e-01 3.5454e-05
4.1129e-01 4.1665e-01 3.5454e-05
4.1168e-01 4.1595e-01 3.5454e-05
4.1363e-01 4.1674e-01 3.5454e-05
4.1563e-01 4.1782e-01 3.5454e-05
4.1560e-01 4.1777e-01 1.0636e-05
4.1475e-01 4.1725e-01 1.0636e-05
4.1373e-01 4.1665e-01 1.0636e-05
4.1292e-01 4.1627e-01 1.0636e-05
4.1238e-01 4.1608e-01 1.0636e-05
4.1200e-01 4.1602e-01 1.0636e-05
4.1179e-01 4.1607e-01 1.0636e-05
4.1173e-01 4.1612e-01 1.0636e-05
4.1180e-01 4.1609e-01 1.0636e-05
4.1187e-01 4.1595e-01 1.0636e-05
4.1199e-01 4.1577e-01 1.0636e-05
4.1220e-01 4.1561e-01 1.0636e-05
4.1245e-01 4.1553e-01 1.0636e-05
4.1293e-01 4.1552e-01 1.0636e-05
4.1340e-01 4.1558e-01 1.0636e-05
4.1395e-01 4.1576e-01 1.0636e-05
4.1437e-01 4.1597e-01 1.0636e-05
4.1441e-01 4.1608e-01 1.0636e-05
4.1434e-01 4.1611e-01 1.0636e-05
4.1398e-01 4.1601e-01 1.0636e-05
4.1358e-01 4.1592e-01 1.0636e-05
4.1297e-01 4.1586e-01 1.0636e-05
4.1247e-01 4.1588e-01 1.0636e-05
4.1208e-01 4.1592e-01 1.0636e-05
4.1186e-01 4.1600e-01 1.0636e-05
4.1165e-01 4.1607e-01 1.0636e-05
4.1156e-01 4.1604e-01 1.0636e-05
4.1143e-01 4.1592e-01 1.0636e-05
4.1140e-01 4.1580e-01 1.0636e-05
4.1135e-01 4.1572e-01 1.0636e-05
4.1132e-01 4.1563e-01 1.0636e-05
4.1133e-01 4.1560e-01 3.1908e-06
4.1136e-01 4.1558e-01 3.1908e-06
4.1141e-01 4.1557e-01 3.1908e-06
4.1147e-01 4.1555e-01 3.1908e-06
4.1151e-01 4.1551e-01 3.1908e-06
4.1153e-01 4.1549e-01 3.1908e-06
4.1157e-01 4.1547e-01 3.1908e-06
4.1160e-01 4.1544e-01 3.1908e-06
4.1165e-01 4.1542e-01 3.1908e-06
4.1175e-01 4.1542e-01 3.1908e-06
4.1182e-01 4.1542e-01 3.1908e-06
4.1185e-01 4.1540e-01 3.1908e-06
4.1187e-01 4.1540e-01 3.1908e-06
4.1188e-01 4.1539e-01 3.1908e-06
4.1192e-01 4.1540e-01 3.1908e-06
4.1193e-01 4.1541e-01 3.1908e-06
4.1188e-01 4.1541e-01 3.1908e-06
4.1186e-01 4.1541e-01 3.1908e-06
4.1187e-01 4.1541e-01 3.1908e-06
4.1186e-01 4.1542e-01 3.1908e-06
4.1185e-01 4.1542e-01 3.1908e-06
4.1183e-01 4.1543e-01 3.1908e-06
4.1178e-01 4.1542e-01 3.1908e-06
4.1173e-01 4.1541e-01 3.1908e-06
4.1166e-01 4.1540e-01 3.1908e-06
4.1161e-01 4.1540e-01 3.1908e-06
4.1158e-01 4.1540e-01 3.1908e-06
4.1156e-01 4.1540e-01 3.1908e-06
4.1159e-01 4.1540e-01 3.1908e-06
4.1164e-01 4.1540e-01 3.1908e-06
4.1170e-01 4.1541e-01 3.1908e-06
4.1176e-01 4.1542e-01 3.1908e-06
4.1185e-01 4.1545e-01 3.1908e-06
4.1195e-01 4.1548e-01 3.1908e-06
4.1197e-01 4.1548e-01 3.1908e-06
4.1200e-01 4.1548e-01 3.1908e-06
4.1202e-01 4.1549e-01 3.1908e-06
4.1204e-01 4.1549e-01 3.1908e-06
4.1203e-01 4.1549e-01 3.1908e-06
4.1203e-01 4.1548e-01 3.1908e-06
4.1197e-01 4.1546e-01 3.1908e-06
4.1193e-01 4.1544e-01 3.1908e-06
4.1191e-01 4.1543e-01 3.1908e-06
4.1190e-01 4.1542e-01 9.5725e-07
4.1190e-01 4.1541e-01 9.5725e-07
4.1189e-01 4.1541e-01 9.5725e-07
4.1188e-01 4.1540e-01 9.5725e-07
4.1189e-01 4.1539e-01 9.5725e-07
4.1189e-01 4.1539e-01 9.5725e-07
4.1189e-01 4.1538e-01 9.5725e-07
4.1190e-01 4.1537e-01 9.5725e-07
4.1191e-01 4.1537e-01 9.5725e-07
4.1191e-01 4.1537e-01 9.5725e-07
4.1192e-01 4.1538e-01 9.5725e-07
4.1192e-01 4.1537e-01 9.5725e-07
4.1191e-01 4.1536e-01 9.5725e-07
4.1190e-01 4.1535e-01 9.5725e-07
4.1189e-01 4.1535e-01 9.5725e-07
4.1189e-01 4.1534e-01 9.5725e-07
4.1189e-01 4.1533e-01 9.5725e-07
4.1189e-01 4.1533e-01 9.5725e-07
4.1191e-01 4.1532e-01 9.5725e-07
4.1192e-01 4.1532e-01 9.5725e-07
4.1194e-01 4.1532e-01 9.5725e-07
4.1197e-01 4.1533e-01 9.5725e-07
4.1199e-01 4.1533e-01 9.5725e-07
4.1199e-01 4.1533e-01 9.5725e-07
4.1198e-01 4.1533e-01 9.5725e-07
4.1196e-01 4.1533e-01 9.5725e-07
4.1193e-01 4.1532e-01 9.5725e-07
4.1192e-01 4.1532e-01 9.5725e-07
4.1193e-01 4.1532e-01 9.5725e-07
4.1195e-01 4.1532e-01 9.5725e-07
4.1195e-01 4.1532e-01 9.5725e-07
4.1195e-01 4.1532e-01 9.5725e-07
4.1195e-01 4.1531e-01 9.5725e-07
4.1194e-01 4.1530e-01 9.5725e-07
4.1193e-01 4.1529e-01 9.5725e-07
4.1191e-01 4.1528e-01 9.5725e-07
4.1190e-01 4.1527e-01 9.5725e-07
4.1189e-01 4.1526e-01 9.5725e-07
4.1188e-01 4.1525e-01 9.5725e-07
4.1186e-01 4.1524e-01 9.5725e-07
4.1185e-01 4.1523e-01 9.5725e-07
4.1183e-01 4.1522e-01 9.5725e-07
4.1182e-01 4.1522e-01 9.5725e-07
4.1183e-01 4.1522e-01 9.5725e-07
4.1184e-01 4.1522e-01 9.5725e-07
4.1183e-01 4.1522e-01 9.5725e-07
4.1182e-01 4.1521e-01 9.5725e-07
4.1182e-01 4.1521e-01 9.5725e-07
4.1182e-01 4.1521e-01 9.5725e-07
4.1181e-01 4.1520e-01 9.5725e-07
4.1181e-01 4.1520e-01 9.5725e-07
4.1180e-01 4.1519e-01 9.5725e-07
4.1179e-01 4.1518e-01 9.5725e-07
4.1178e-01 4.1518e-01 9.5725e-07
4.1176e-01 4.1518e-01 9.5725e-07
4.1173e-01 4.1518e-01 9.5725e-07
4.1170e-01 4.1517e-01 9.5725e-07
4.1166e-01 4.1517e-01 9.5725e-07
4.1163e-01 4.1517e-01 9.5725e-07
4.1161e-01 4.1517e-01 9.5725e-07
4.1161e-01 4.1517e-01 9.5725e-07
4.1161e-01 4.1517e-01 9.5725e-07
4.1161e-01 4.1518e-01 9.5725e-07
4.1162e-01 4.1518e-01 9.5725e-07
4.1163e-01 4.1518e-01 9.5725e-07
4.1165e-01 4.1519e-01 9.5725e-07
4.1168e-01 4.1519e-01 9.5725e-07
4.1171e-01 4.1520e-01 9.5725e-07
4.1172e-01 4.1520e-01 9.5725e-07
4.1173e-01 4.1520e-01 9.5725e-07
4.1174e-01 4.1519e-01 9.5725e-07
4.1173e-01 4.1519e-01 9.5725e-07
4.1173e-01 4.1518e-01 9.5725e-07
4.1173e-01 4.1517e-01 9.5725e-07
4.1173e-01 4.1516e-01 9.5725e-07
4.1173e-01 4.1514e-01 9.5725e-07
4.1174e-01 4.1513e-01 9.5725e-07
4.1174e-01 4.1512e-01 9.5725e-07
4.1173e-01 4.1511e-01 9.5725e-07
4.1174e-01 4.1511e-01 9.5725e-07
4.1177e-01 4.1512e-01 9.5725e-07
4.1178e-01 4.1512e-01 9.5725e-07
4.1180e-01 4.1513e-01 9.5725e-07
4.1182e-01 4.1514e-01 9.5725e-07
4.1184e-01 4.1514e-01 9.5725e-07
4.1187e-01 4.1515e-01 9.5725e-07
4.1189e-01 4.1517e-01 9.5725e-07
4.1191e-01 4.1518e-01 9.5725e-07
4.1192e-01 4.1520e-01 9.5725e-07
4.1193e-01 4.1521e-01 9.5725e-07
4.1194e-01 4.1523e-01 9.5725e-07
4.1195e-01 4.1525e-01 9.5725e-07
4.1196e-01 4.1527e-01 9.5725e-07
4.1196e-01 4.1528e-01 9.5725e-07
4.1195e-01 4.1528e-01 9.5725e-07
4.1194e-01 4.1529e-01 9.5725e-07
4.1195e-01 4.1529e-01 9.5725e-07
4.1194e-01 4.1529e-01 9.5725e-07
4.1194e-01 4.1529e-01 9.5725e-07
4.1194e-01 4.1528e-01 9.5725e-07
4.1193e-01 4.1528e-01 9.5725e-07
4.1193e-01 4.1528e-01 9.5725e-07
4.1193e-01 4.1527e-01 9.5725e-07
4.1193e-01 4.1527e-01 9.5725e-07
4.1192e-01 4.1527e-01 9.5725e-07
4.1194e-01 4.1527e-01 9.5725e-07
4.1194e-01 4.1527e-01 9.5725e-07
4.1195e-01 4.1528e-01 9.5725e-07
4.1195e-01 4.1528e-01 2.8718e-07
4.1196e-01 4.1528e-01 2.8718e-07
4.1196e-01 4.1528e-01 2.8718e-07
4.1196e-01 4.1528e-01 2.8718e-07
4.1197e-01 4.1528e-01 2.8718e-07
4.1198e-01 4.1528e-01 2.8718e-07
4.1198e-01 4.1527e-01 2.8718e-07
4.1199e-01 4.1527e-01 2.8718e-07
4.1200e-01 4.1527e-01 2.8718e-07
4.1200e-01 4.1527e-01 2.8718e-07
4.1200e-01 4.1527e-01 2.8718e-07
4.1200e-01 4.1527e-01 2.8718e-07
4.1200e-01 4.1527e-01 2.8718e-07
4.1200e-01 4.1526e-01 2.8718e-07
4.1199e-01 4.1526e-01 2.8718e-07
4.1199e-01 4.1525e-01 2.8718e-07
4.1199e-01 4.1525e-01 2.8718e-07
4.1198e-01 4.1525e-01 2.8718e-07
4.1198e-01 4.1525e-01 2.8718e-07
4.1198e-01 4.1525e-01 2.8718e-07
4.1199e-01 4.1525e-01 2.8718e-07
4.1199e-01 4.1525e-01 2.8718e-07
4.1199e-01 4.1525e-01 2.8718e-07
4.1199e-01 4.1525e-01 2.8718e-07
4.1199e-01 4.1525e-01 2.8718e-07
4.1198e-01 4.1525e-01 2.8718e-07
4.1198e-01 4.1525e-01 2.8718e-07
4.1198e-01 4.1524e-01 2.8718e-07
4.1198e-01 4.1524e-01 2.8718e-07
4.1197e-01 4.1524e-01 2.8718e-07
4.1197e-01 4.1524e-01 2.8718e-07
4.1197e-01 4.1524e-01 8.6153e-08
4.1196e-01 4.1524e-01 8.6153e-08
4.1196e-01 4.1524e-01 8.6153e-08
4.1196e-01 4.1524e-01 8.6153e-08
4.1197e-01 4.1524e-01 8.6153e-08
4.1197e-01 4.1524e-01 8.6153e-08
4.1197e-01 4.1524e-01 8.6153e-08
4.1197e-01 4.1524e-01 8.6153e-08
4.1197e-01 4.1524e-01 8.6153e-08
4.1197e-01 4.1524e-01 8.6153e-08
4.1197e-01 4.1524e-01 8.6153e-08
4.1197e-01 4.1524e-01 8.6153e-08
4.1197e-01 4.1524e-01 8.6153e-08
4.1197e-01 4.1524e-01 8.6153e-08
4.1197e-01 4.1524e-01 8.6153e-08
4.1197e-01 4.1524e-01 8.6153e-08
4.1197e-01 4.1524e-01 8.6153e-08
4.1198e-01 4.1525e-01 8.6153e-08
4.1198e-01 4.1525e-01 8.6153e-08
4.1198e-01 4.1525e-01 8.6153e-08
4.1198e-01 4.1525e-01 8.6153e-08
4.1198e-01 4.1525e-01 8.6153e-08
4.1198e-01 4.1525e-01 8.6153e-08
4.1198e-01 4.1525e-01 8.6153e-08
4.1198e-01 4.1525e-01 8.6153e-08
4.1198e-01 4.1525e-01 8.6153e-08
4.1198e-01 4.1525e-01 8.6153e-08
4.1198e-01 4.1525e-01 8.6153e-08
4.1198e-01 4.1525e-01 8.6153e-08
4.1198e-01 4.1525e-01 8.6153e-08
4.1198e-01 4.1525e-01 8.6153e-08
4.1198e-01 4.1525e-01 2.5846e-08
4.1198e-01 4.1525e-01 2.5846e-08
4.1197e-01 4.1525e-01 2.5846e-08
4.1197e-01 4.1525e-01 2.5846e-08
4.1197e-01 4.1525e-01 2.5846e-08
4.1197e-01 4.1525e-01 2.5846e-08
4.1197e-01 4.1525e-01 2.5846e-08
4.1197e-01 4.1525e-01 2.5846e-08
4.1197e-01 4.1525e-01 2.5846e-08
4.1197e-01 4.1525e-01 2.5846e-08
4.1197e-01 4.1525e-01 2.5846e-08
4.1197e-01 4.1525e-01 2.5846e-08
4.1197e-01 4.1525e-01 2.5846e-08
4.1197e-01 4.1525e-01 2.5846e-08
4.1197e-01 4.1525e-01 2.5846e-08
4.1197e-01 4.1525e-01 2.5846e-08
4.1197e-01 4.1525e-01 2.5846e-08
4.1197e-01 4.1525e-01 2.5846e-08
4.1197e-01 4.1525e-01 2.5846e-08
4.1196e-01 4.1525e-01 2.5846e-08
4.1196e-01 4.1525e-01 2.5846e-08
4.1196e-01 4.1525e-01 2.5846e-08
4.1197e-01 4.1525e-01 2.5846e-08
4.1197e-01 4.1525e-01 2.5846e-08
4.1197e-01 4.1525e-01 2.5846e-08
4.1197e-01 4.1525e-01 2.5846e-08
4.1197e-01 4.1525e-01 2.5846e-08
4.1197e-01 4.1525e-01 2.5846e-08
4.1197e-01 4.1525e-01 2.5846e-08
4.1197e-01 4.1525e-01 2.5846e-08
4.1197e-01 4.1525e-01 2.5846e-08
4.1197e-01 4.1525e-01 1.0000e-08
4.1197e-01 4.1525e-01 1.0000e-08
4.1197e-01 4.1525e-01 1.0000e-08
4.1197e-01 4.1525e-01 1.0000e-08
4.1197e-01 4.1525e-01 1.0000e-08
4.1197e-01 4.1525e-01 1.0000e-08
4.1197e-01 4.1525e-01 1.0000e-08
4.1197e-01 4.1525e-01 1.0000e-08
4.1197e-01 4.1525e-01 1.0000e-08
4.1197e-01 4.1525e-01 1.0000e-08
4.1197e-01 4.1525e-01 1.0000e-08
4.1197e-01 4.1525e-01 1.0000e-08
4.1197e-01 4.1525e-01 1.0000e-08
4.1197e-01 4.1525e-01 1.0000e-08
4.1197e-01 4.1525e-01 1.0000e-08
4.1197e-01 4.1525e-01 1.0000e-08
4.1197e-01 4.1525e-01 1.0000e-08
4.1197e-01 4.1525e-01 1.0000e-08
4.1197e-01 4.1525e-01 1.0000e-08
4.1197e-01 4.1525e-01 1.0000e-08
4.1197e-01 4.1525e-01 1.0000e-08
4.1197e-01 4.1525e-01 1.0000e-08
4.1197e-01 4.1525e-01 1.0000e-08
4.1197e-01 4.1525e-01 1.0000e-08
4.1197e-01 4.1525e-01 1.0000e-08
4.1197e-01 4.1525e-01 1.0000e-08
4.1197e-01 4.1525e-01 1.0000e-08
4.1197e-01 4.1525e-01 1.0000e-08
4.1197e-01 4.1525e-01 1.0000e-08
4.1197e-01 4.1525e-01 1.0000e-08
4.1197e-01 4.1525e-01 1.0000e-08
4.1197e-01 4.1525e-01 1.0000e-08
4.1197e-01 4.1525e-01 1.0000e-08
4.1197e-01 4.1525e-01 1.0000e-08
4.1197e-01 4.1525e-01 1.0000e-08
4.1197e-01 4.1525e-01 1.0000e-08
4.1197e-01 4.1525e-01 1.0000e-08
4.1197e-01 4.1525e-01 1.0000e-08
4.1197e-01 4.1525e-01 1.0000e-08
4.1197e-01 4.1525e-01 1.0000e-08
4.1197e-01 4.1525e-01 1.0000e-08
4.1197e-01 4.1525e-01 1.0000e-08
4.1197e-01 4.1525e-01 1.0000e-08
4.1197e-01 4.1525e-01 1.0000e-08
4.1197e-01 4.1525e-01 1.0000e-08
4.1197e-01 4.1525e-01 1.0000e-08
4.1197e-01 4.1525e-01 1.0000e-08
4.1197e-01 4.1525e-01 1.0000e-08
4.1197e-01 4.1525e-01 1.0000e-08
4.1197e-01 4.1525e-01 1.0000e-08
4.1197e-01 4.1525e-01 1.0000e-08
4.1197e-01 4.1525e-01 1.0000e-08
4.1197e-01 4.1525e-01 1.0000e-08
4.1197e-01 4.1525e-01 1.0000e-08
4.1197e-01 4.1525e-01 1.0000e-08
4.1197e-01 4.1525e-01 1.0000e-08
4.1197e-01 4.1525e-01 1.0000e-08
4.1197e-01 4.1525e-01 1.0000e-08
4.1197e-01 4.1525e-01 1.0000e-08
4.1197e-01 4.1525e-01 1.0000e-08
4.1197e-01 4.1525e-01 1.0000e-08
4.1197e-01 4.1525e-01 1.0000e-08
4.1197e-01 4.1525e-01 1.0000e-08
4.1197e-01 4.1525e-01 1.0000e-08
4.1197e-01 4.1525e-01 1.0000e-08
4.1197e-01 4.1525e-01 1.0000e-08
4.1197e-01 4.1525e-01 1.0000e-08
4.1197e-01 4.1525e-01 1.0000e-08
4.1197e-01 4.1525e-01 1.0000e-08
4.1197e-01 4.1525e-01 1.0000e-08
4.1197e-01 4.1525e-01 1.0000e-08
4.1197e-01 4.1525e-01 1.0000e-08
4.1197e-01 4.1525e-01 1.0000e-08
4.1197e-01 4.1525e-01 1.0000e-08
4.1197e-01 4.1525e-01 1.0000e-08
4.1197e-01 4.1525e-01 1.0000e-08
4.1197e-01 4.1525e-01 1.0000e-08
4.1197e-01 4.1525e-01 1.0000e-08
4.1197e-01 4.1525e-01 1.0000e-08
4.1197e-01 4.1525e-01 1.0000e-08
4.1197e-01 4.1525e-01 1.0000e-08
4.1197e-01 4.1525e-01 1.0000e-08
4.1197e-01 4.1525e-01 1.0000e-08
4.1197e-01 4.1525e-01 1.0000e-08
4.1197e-01 4.1525e-01 1.0000e-08
4.1197e-01 4.1525e-01 1.0000e-08
4.1197e-01 4.1525e-01 1.0000e-08
4.1197e-01 4.1525e-01 1.0000e-08
4.1197e-01 4.1525e-01 1.0000e-08
4.1197e-01 4.1525e-01 1.0000e-08
4.1197e-01 4.1525e-01 1.0000e-08
4.1197e-01 4.1525e-01 1.0000e-08
4.1197e-01 4.1525e-01 1.0000e-08
4.1196e-01 4.1525e-01 1.0000e-08
4.1196e-01 4.1525e-01 1.0000e-08
4.1196e-01 4.1525e-01 1.0000e-08
4.1196e-01 4.1525e-01 1.0000e-08
4.1196e-01 4.1525e-01 1.0000e-08
4.1196e-01 4.1525e-01 1.0000e-08
4.1196e-01 4.1525e-01 1.0000e-08
4.1196e-01 4.1525e-01 1.0000e-08
4.1196e-01 4.1525e-01 1.0000e-08
4.1196e-01 4.1525e-01 1.0000e-08
4.1196e-01 4.1525e-01 1.0000e-08
4.1196e-01 4.1525e-01 1.0000e-08
4.1196e-01 4.1525e-01 1.0000e-08
4.1196e-01 4.1525e-01 1.0000e-08
4.1196e-01 4.1525e-01 1.0000e-08
4.1196e-01 4.1525e-01 1.0000e-08
4.1196e-01 4.1525e-01 1.0000e-08
4.1196e-01 4.1525e-01 1.0000e-08
4.1196e-01 4.1525e-01 1.0000e-08
4.1196e-01 4.1525e-01 1.0000e-08
4.1196e-01 4.1525e-01 1.0000e-08
4.1196e-01 4.1525e-01 1.0000e-08
4.1196e-01 4.1525e-01 1.0000e-08
4.1196e-01 4.1525e-01 1.0000e-08
4.1196e-01 4.1525e-01 1.0000e-08
4.1196e-01 4.1525e-01 1.0000e-08
4.1196e-01 4.1525e-01 1.0000e-08
4.1196e-01 4.1525e-01 1.0000e-08
4.1196e-01 4.1525e-01 1.0000e-08
4.1196e-01 4.1525e-01 1.0000e-08
4.1196e-01 4.1525e-01 1.0000e-08
4.1196e-01 4.1525e-01 1.0000e-08
4.1196e-01 4.1525e-01 1.0000e-08
4.1196e-01 4.1525e-01 1.0000e-08
4.1196e-01 4.1525e-01 1.0000e-08
4.1196e-01 4.1525e-01 1.0000e-08
4.1196e-01 4.1525e-01 1.0000e-08
4.1196e-01 4.1525e-01 1.0000e-08
4.1196e-01 4.1525e-01 1.0000e-08
4.1196e-01 4.1525e-01 1.0000e-08
4.1196e-01 4.1525e-01 1.0000e-08
4.1196e-01 4.1525e-01 1.0000e-08
4.1196e-01 4.1525e-01 1.0000e-08
4.1196e-01 4.1526e-01 1.0000e-08
4.1196e-01 4.1526e-01 1.0000e-08
4.1196e-01 4.1526e-01 1.0000e-08
4.1196e-01 4.1526e-01 1.0000e-08
4.1196e-01 4.1526e-01 1.0000e-08
4.1196e-01 4.1526e-01 1.0000e-08
4.1196e-01 4.1526e-01 1.0000e-08
4.1196e-01 4.1526e-01 1.0000e-08
4.1196e-01 4.1526e-01 1.0000e-08
4.1196e-01 4.1526e-01 1.0000e-08
4.1196e-01 4.1526e-01 1.0000e-08
4.1196e-01 4.1526e-01 1.0000e-08
4.1196e-01 4.1526e-01 1.0000e-08
4.1196e-01 4.1526e-01 1.0000e-08
4.1196e-01 4.1526e-01 1.0000e-08
4.1196e-01 4.1526e-01 1.0000e-08
4.1196e-01 4.1526e-01 1.0000e-08
4.1196e-01 4.1526e-01 1.0000e-08
4.1196e-01 4.1526e-01 1.0000e-08
4.1196e-01 4.1526e-01 1.0000e-08
4.1196e-01 4.1526e-01 1.0000e-08
4.1196e-01 4.1526e-01 1.0000e-08
4.1196e-01 4.1526e-01 1.0000e-08
4.1196e-01 4.1526e-01 1.0000e-08
4.1196e-01 4.1526e-01 1.0000e-08
4.1196e-01 4.1526e-01 1.0000e-08
4.1196e-01 4.1526e-01 1.0000e-08
4.1197e-01 4.1526e-01 1.0000e-08
4.1197e-01 4.1526e-01 1.0000e-08
4.1197e-01 4.1526e-01 1.0000e-08
4.1197e-01 4.1526e-01 1.0000e-08
4.1197e-01 4.1526e-01 1.0000e-08
4.1197e-01 4.1526e-01 1.0000e-08
4.1197e-01 4.1526e-01 1.0000e-08
4.1197e-01 4.1526e-01 1.0000e-08
4.1197e-01 4.1526e-01 1.0000e-08
4.1197e-01 4.1526e-01 1.0000e-08
4.1197e-01 4.1526e-01 1.0000e-08
4.1197e-01 4.1526e-01 1.0000e-08
4.1197e-01 4.1526e-01 1.0000e-08
4.1197e-01 4.1526e-01 1.0000e-08
4.1197e-01 4.1526e-01 1.0000e-08
4.1197e-01 4.1526e-01 1.0000e-08
4.1197e-01 4.1526e-01 1.0000e-08
4.1197e-01 4.1526e-01 1.0000e-08
4.1197e-01 4.1526e-01 1.0000e-08
4.1197e-01 4.1526e-01 1.0000e-08
4.1197e-01 4.1526e-01 1.0000e-08
4.1197e-01 4.1526e-01 1.0000e-08
4.1197e-01 4.1526e-01 1.0000e-08
4.1197e-01 4.1526e-01 1.0000e-08
4.1197e-01 4.1526e-01 1.0000e-08
4.1197e-01 4.1526e-01 1.0000e-08
4.1197e-01 4.1526e-01 1.0000e-08
4.1197e-01 4.1526e-01 1.0000e-08
4.1197e-01 4.1526e-01 1.0000e-08
4.1197e-01 4.1526e-01 1.0000e-08
4.1197e-01 4.1526e-01 1.0000e-08
4.1197e-01 4.1526e-01 1.0000e-08
4.1197e-01 4.1526e-01 1.0000e-08
4.1197e-01 4.1526e-01 1.0000e-08
4.1197e-01 4.1526e-01 1.0000e-08
4.1197e-01 4.1526e-01 1.0000e-08
4.1197e-01 4.1525e-01 1.0000e-08
4.1197e-01 4.1525e-01 1.0000e-08
4.1197e-01 4.1525e-01 1.0000e-08
4.1197e-01 4.1525e-01 1.0000e-08
4.1196e-01 4.1525e-01 1.0000e-08
4.1196e-01 4.1525e-01 1.0000e-08
4.1196e-01 4.1525e-01 1.0000e-08
4.1196e-01 4.1525e-01 1.0000e-08
4.1196e-01 4.1525e-01 1.0000e-08
4.1196e-01 4.1525e-01 1.0000e-08
4.1196e-01 4.1525e-01 1.0000e-08
4.1196e-01 4.1525e-01 1.0000e-08
4.1196e-01 4.1525e-01 1.0000e-08
4.1196e-01 4.1525e-01 1.0000e-08
4.1196e-01 4.1525e-01 1.0000e-08
4.1196e-01 4.1525e-01 1.0000e-08
4.1196e-01 4.1525e-01 1.0000e-08
4.1196e-01 4.1525e-01 1.0000e-08
4.1196e-01 4.1525e-01 1.0000e-08
4.1196e-01 4.1525e-01 1.0000e-08
4.1196e-01 4.1525e-01 1.0000e-08
4.1196e-01 4.1525e-01 1.0000e-08
4.1196e-01 4.1525e-01 1.0000e-08
4.1196e-01 4.1525e-01 1.0000e-08
4.1196e-01 4.1525e-01 1.0000e-08
4.1196e-01 4.1525e-01 1.0000e-08
4.1196e-01 4.1525e-01 1.0000e-08
4.1196e-01 4.1525e-01 1.0000e-08
4.1196e-01 4.1525e-01 1.0000e-08
4.1196e-01 4.1525e-01 1.0000e-08
4.1196e-01 4.1525e-01 1.0000e-08
4.1196e-01 4.1525e-01 1.0000e-08
4.1196e-01 4.1525e-01 1.0000e-08
4.1196e-01 4.1525e-01 1.0000e-08
4.1196e-01 4.1525e-01 1.0000e-08
4.1196e-01 4.1525e-01 1.0000e-08
4.1196e-01 4.1525e-01 1.0000e-08
4.1196e-01 4.1525e-01 1.0000e-08
4.1196e-01 4.1525e-01 1.0000e-08
4.1196e-01 4.1525e-01 1.0000e-08
4.1196e-01 4.1525e-01 1.0000e-08
4.1196e-01 4.1525e-01 1.0000e-08
4.1196e-01 4.1525e-01 1.0000e-08
4.1197e-01 4.1525e-01 1.0000e-08
4.1197e-01 4.1525e-01 1.0000e-08
4.1197e-01 4.1525e-01 1.0000e-08
4.1197e-01 4.1525e-01 1.0000e-08
4.1197e-01 4.1525e-01 1.0000e-08
4.1197e-01 4.1525e-01 1.0000e-08
4.1197e-01 4.1525e-01 1.0000e-08
4.1197e-01 4.1526e-01 1.0000e-08
4.1197e-01 4.1526e-01 1.0000e-08
4.1197e-01 4.1525e-01 1.0000e-08
4.1197e-01 4.1526e-01 1.0000e-08
4.1197e-01 4.1525e-01 1.0000e-08
4.1197e-01 4.1525e-01 1.0000e-08
4.1197e-01 4.1525e-01 1.0000e-08
4.1197e-01 4.1525e-01 1.0000e-08
4.1197e-01 4.1525e-01 1.0000e-08
4.1197e-01 4.1525e-01 1.0000e-08
4.1197e-01 4.1525e-01 1.0000e-08
4.1197e-01 4.1525e-01 1.0000e-08
4.1197e-01 4.1525e-01 1.0000e-08
4.1197e-01 4.1525e-01 1.0000e-08
4.1197e-01 4.1525e-01 1.0000e-08
4.1197e-01 4.1525e-01 1.0000e-08
4.1197e-01 4.1525e-01 1.0000e-08
4.1197e-01 4.1525e-01 1.0000e-08
4.1197e-01 4.1525e-01 1.0000e-08
4.1197e-01 4.1526e-01 1.0000e-08
4.1197e-01 4.1526e-01 1.0000e-08
4.1197e-01 4.1526e-01 1.0000e-08
4.1197e-01 4.1526e-01 1.0000e-08
4.1197e-01 4.1526e-01 1.0000e-08
4.1197e-01 4.1526e-01 1.0000e-08
4.1197e-01 4.1526e-01 1.0000e-08
4.1197e-01 4.1526e-01 1.0000e-08
4.1197e-01 4.1526e-01 1.0000e-08
4.1197e-01 4.1526e-01 1.0000e-08
4.1197e-01 4.1526e-01 1.0000e-08
4.1197e-01 4.1526e-01 1.0000e-08
4.1197e-01 4.1526e-01 1.0000e-08
4.1197e-01 4.1526e-01 1.0000e-08
4.1197e-01 4.1526e-01 1.0000e-08
4.1197e-01 4.1526e-01 1.0000e-08
4.1197e-01 4.1526e-01 1.0000e-08
4.1197e-01 4.1526e-01 1.0000e-08
4.1197e-01 4.1526e-01 1.0000e-08
4.1197e-01 4.1526e-01 1.0000e-08
4.1197e-01 4.1526e-01 1.0000e-08
4.1197e-01 4.1526e-01 1.0000e-08
4.1197e-01 4.1526e-01 1.0000e-08
4.1197e-01 4.1526e-01 1.0000e-08
4.1197e-01 4.1526e-01 1.0000e-08
4.1197e-01 4.1526e-01 1.0000e-08
4.1197e-01 4.1526e-01 1.0000e-08
4.1197e-01 4.1526e-01 1.0000e-08
4.1196e-01 4.1526e-01 1.0000e-08
4.1197e-01 4.1526e-01 1.0000e-08
4.1197e-01 4.1526e-01 1.0000e-08
4.1197e-01 4.1526e-01 1.0000e-08
4.1197e-01 4.1526e-01 1.0000e-08
4.1197e-01 4.1526e-01 1.0000e-08
4.1197e-01 4.1525e-01 1.0000e-08
4.1197e-01 4.1525e-01 1.0000e-08
4.1197e-01 4.1525e-01 1.0000e-08
4.1197e-01 4.1525e-01 1.0000e-08
4.1197e-01 4.1525e-01 1.0000e-08
4.1197e-01 4.1525e-01 1.0000e-08
4.1197e-01 4.1525e-01 1.0000e-08
4.1197e-01 4.1525e-01 1.0000e-08
4.1197e-01 4.1525e-01 1.0000e-08
4.1197e-01 4.1525e-01 1.0000e-08
4.1197e-01 4.1525e-01 1.0000e-08
4.1197e-01 4.1525e-01 1.0000e-08
4.1197e-01 4.1525e-01 1.0000e-08
4.1197e-01 4.1525e-01 1.0000e-08
4.1197e-01 4.1525e-01 1.0000e-08
4.1197e-01 4.1525e-01 1.0000e-08
4.1197e-01 4.1525e-01 1.0000e-08
4.1197e-01 4.1525e-01 1.0000e-08
4.1196e-01 4.1525e-01 1.0000e-08
4.1196e-01 4.1525e-01 1.0000e-08
4.1196e-01 4.1525e-01 1.0000e-08
4.1196e-01 4.1525e-01 1.0000e-08
4.1196e-01 4.1525e-01 1.0000e-08
4.1196e-01 4.1525e-01 1.0000e-08
4.1196e-01 4.1525e-01 1.0000e-08
4.1196e-01 4.1525e-01 1.0000e-08
4.1196e-01 4.1525e-01 1.0000e-08
4.1196e-01 4.1525e-01 1.0000e-08
4.1196e-01 4.1525e-01 1.0000e-08
4.1196e-01 4.1525e-01 1.0000e-08
4.1196e-01 4.1525e-01 1.0000e-08
4.1196e-01 4.1525e-01 1.0000e-08
4.1196e-01 4.1525e-01 1.0000e-08
4.1196e-01 4.1525e-01 1.0000e-08
4.1196e-01 4.1525e-01 1.0000e-08
4.1196e-01 4.1525e-01 1.0000e-08
4.1196e-01 4.1525e-01 1.0000e-08
4.1196e-01 4.1525e-01 1.0000e-08
4.1196e-01 4.1525e-01 1.0000e-08
4.1196e-01 4.1525e-01 1.0000e-08
4.1196e-01 4.1525e-01 1.0000e-08
4.1196e-01 4.1525e-01 1.0000e-08
4.1196e-01 4.1525e-01 1.0000e-08
4.1196e-01 4.1525e-01 1.0000e-08
4.1196e-01 4.1525e-01 1.0000e-08
4.1196e-01 4.1525e-01 1.0000e-08
4.1196e-01 4.1525e-01 1.0000e-08
4.1196e-01 4.1525e-01 1.0000e-08
4.1196e-01 4.1525e-01 1.0000e-08
4.1196e-01 4.1525e-01 1.0000e-08
4.1196e-01 4.1525e-01 1.0000e-08
4.1196e-01 4.1525e-01 1.0000e-08
4.1196e-01 4.1525e-01 1.0000e-08
4.1196e-01 4.1525e-01 1.0000e-08
4.1196e-01 4.1525e-01 1.0000e-08
4.1196e-01 4.1525e-01 1.0000e-08
4.1196e-01 4.1525e-01 1.0000e-08
4.1196e-01 4.1525e-01 1.0000e-08
4.1196e-01 4.1525e-01 1.0000e-08
4.1196e-01 4.1525e-01 1.0000e-08
4.1196e-01 4.1525e-01 1.0000e-08
4.1196e-01 4.1525e-01 1.0000e-08
4.1196e-01 4.1525e-01 1.0000e-08
4.1196e-01 4.1525e-01 1.0000e-08
4.1196e-01 4.1525e-01 1.0000e-08
4.1196e-01 4.1525e-01 1.0000e-08
4.1196e-01 4.1525e-01 1.0000e-08
4.1196e-01 4.1525e-01 1.0000e-08
4.1196e-01 4.1525e-01 1.0000e-08
4.1195e-01 4.1525e-01 1.0000e-08
4.1195e-01 4.1525e-01 1.0000e-08
4.1195e-01 4.1525e-01 1.0000e-08
4.1195e-01 4.1525e-01 1.0000e-08
4.1195e-01 4.1525e-01 1.0000e-08
4.1195e-01 4.1525e-01 1.0000e-08
4.1195e-01 4.1525e-01 1.0000e-08
4.1195e-01 4.1525e-01 1.0000e-08
4.1195e-01 4.1525e-01 1.0000e-08
4.1195e-01 4.1525e-01 1.0000e-08
4.1195e-01 4.1525e-01 1.0000e-08
4.1195e-01 4.1525e-01 1.0000e-08
4.1195e-01 4.1525e-01 1.0000e-08
4.1195e-01 4.1525e-01 1.0000e-08
4.1195e-01 4.1525e-01 1.0000e-08
4.1195e-01 4.1525e-01 1.0000e-08
4.1195e-01 4.1525e-01 1.0000e-08
4.1195e-01 4.1525e-01 1.0000e-08
4.1195e-01 4.1525e-01 1.0000e-08
4.1195e-01 4.1525e-01 1.0000e-08
4.1195e-01 4.1525e-01 1.0000e-08
4.1195e-01 4.1525e-01 1.0000e-08
4.1195e-01 4.1525e-01 1.0000e-08
4.1195e-01 4.1525e-01 1.0000e-08
4.1195e-01 4.1525e-01 1.0000e-08
4.1195e-01 4.1525e-01 1.0000e-08
4.1195e-01 4.1525e-01 1.0000e-08
4.1195e-01 4.1525e-01 1.0000e-08
4.1195e-01 4.1525e-01 1.0000e-08
4.1195e-01 4.1525e-01 1.0000e-08
4.1195e-01 4.1525e-01 1.0000e-08
4.1196e-01 4.1525e-01 1.0000e-08
4.1196e-01 4.1525e-01 1.0000e-08
4.1196e-01 4.1525e-01 1.0000e-08
4.1196e-01 4.1525e-01 1.0000e-08
4.1196e-01 4.1525e-01 1.0000e-08
4.1196e-01 4.1525e-01 1.0000e-08
4.1196e-01 4.1525e-01 1.0000e-08
4.1195e-01 4.1525e-01 1.0000e-08
4.1195e-01 4.1525e-01 1.0000e-08
4.1195e-01 4.1525e-01 1.0000e-08
4.1195e-01 4.1525e-01 1.0000e-08
4.1195e-01 4.1525e-01 1.0000e-08
4.1195e-01 4.1525e-01 1.0000e-08
4.1195e-01 4.1525e-01 1.0000e-08
4.1196e-01 4.1525e-01 1.0000e-08
4.1196e-01 4.1525e-01 1.0000e-08
4.1196e-01 4.1525e-01 1.0000e-08
4.1196e-01 4.1525e-01 1.0000e-08
4.1196e-01 4.1525e-01 1.0000e-08
4.1196e-01 4.1525e-01 1.0000e-08
4.1196e-01 4.1525e-01 1.0000e-08
4.1196e-01 4.1525e-01 1.0000e-08
4.1196e-01 4.1525e-01 1.0000e-08
4.1196e-01 4.1525e-01 1.0000e-08
4.1196e-01 4.1525e-01 1.0000e-08
4.1196e-01 4.1525e-01 1.0000e-08
4.1196e-01 4.1525e-01 1.0000e-08
4.1196e-01 4.1525e-01 1.0000e-08
4.1196e-01 4.1525e-01 1.0000e-08
4.1196e-01 4.1525e-01 1.0000e-08
4.1196e-01 4.1525e-01 1.0000e-08
4.1196e-01 4.1525e-01 1.0000e-08
4.1196e-01 4.1525e-01 1.0000e-08
4.1196e-01 4.1525e-01 1.0000e-08
4.1196e-01 4.1525e-01 1.0000e-08
4.1196e-01 4.1525e-01 1.0000e-08
4.1196e-01 4.1525e-01 1.0000e-08
4.1196e-01 4.1525e-01 1.0000e-08
4.1196e-01 4.1525e-01 1.0000e-08
4.1196e-01 4.1525e-01 1.0000e-08
4.1196e-01 4.1525e-01 1.0000e-08
4.1196e-01 4.1525e-01 1.0000e-08
4.1196e-01 4.1525e-01 1.0000e-08
4.1196e-01 4.1525e-01 1.0000e-08
4.1196e-01 4.1525e-01 1.0000e-08
4.1196e-01 4.1525e-01 1.0000e-08
4.1196e-01 4.1525e-01 1.0000e-08
4.1196e-01 4.1525e-01 1.0000e-08
4.1196e-01 4.1525e-01 1.0000e-08
4.1196e-01 4.1525e-01 1.0000e-08
4.1196e-01 4.1525e-01 1.0000e-08
4.1196e-01 4.1525e-01 1.0000e-08
4.1196e-01 4.1525e-01 1.0000e-08
4.1196e-01 4.1525e-01 1.0000e-08
4.1196e-01 4.1525e-01 1.0000e-08
4.1196e-01 4.1525e-01 1.0000e-08
4.1196e-01 4.1525e-01 1.0000e-08
4.1196e-01 4.1525e-01 1.0000e-08
4.1196e-01 4.1525e-01 1.0000e-08
4.1196e-01 4.1525e-01 1.0000e-08
4.1196e-01 4.1525e-01 1.0000e-08
4.1196e-01 4.1525e-01 1.0000e-08
4.1196e-01 4.1525e-01 1.0000e-08
4.1196e-01 4.1525e-01 1.0000e-08
4.1196e-01 4.1525e-01 1.0000e-08
4.1196e-01 4.1525e-01 1.0000e-08
4.1196e-01 4.1525e-01 1.0000e-08
4.1196e-01 4.1525e-01 1.0000e-08
4.1196e-01 4.1525e-01 1.0000e-08
4.1196e-01 4.1525e-01 1.0000e-08
4.1196e-01 4.1525e-01 1.0000e-08
4.1196e-01 4.1525e-01 1.0000e-08
4.1196e-01 4.1525e-01 1.0000e-08
4.1196e-01 4.1525e-01 1.0000e-08
4.1196e-01 4.1525e-01 1.0000e-08
4.1196e-01 4.1525e-01 1.0000e-08
4.1196e-01 4.1525e-01 1.0000e-08
4.1196e-01 4.1525e-01 1.0000e-08
4.1196e-01 4.1525e-01 1.0000e-08
4.1196e-01 4.1525e-01 1.0000e-08
4.1196e-01 4.1525e-01 1.0000e-08
4.1196e-01 4.1525e-01 1.0000e-08
4.1196e-01 4.1525e-01 1.0000e-08
4.1196e-01 4.1525e-01 1.0000e-08
4.1196e-01 4.1525e-01 1.0000e-08
4.1196e-01 4.1525e-01 1.0000e-08
4.1196e-01 4.1525e-01 1.0000e-08
4.1195e-01 4.1525e-01 1.0000e-08
4.1195e-01 4.1525e-01 1.0000e-08
4.1196e-01 4.1525e-01 1.0000e-08
4.1195e-01 4.1525e-01 1.0000e-08
4.1195e-01 4.1525e-01 1.0000e-08
4.1195e-01 4.1525e-01 1.0000e-08
4.1195e-01 4.1525e-01 1.0000e-08
4.1195e-01 4.1525e-01 1.0000e-08
4.1195e-01 4.1525e-01 1.0000e-08
4.1195e-01 4.1525e-01 1.0000e-08
4.1196e-01 4.1525e-01 1.0000e-08
4.1196e-01 4.1525e-01 1.0000e-08
4.1196e-01 4.1525e-01 1.0000e-08
4.1196e-01 4.1525e-01 1.0000e-08
4.1196e-01 4.1525e-01 1.0000e-08
4.1196e-01 4.1525e-01 1.0000e-08
4.1196e-01 4.1525e-01 1.0000e-08
4.1196e-01 4.1525e-01 1.0000e-08
4.1196e-01 4.1525e-01 1.0000e-08
4.1196e-01 4.1525e-01 1.0000e-08
4.1196e-01 4.1525e-01 1.0000e-08
4.1196e-01 4.1525e-01 1.0000e-08
4.1196e-01 4.1525e-01 1.0000e-08
4.1196e-01 4.1525e-01 1.0000e-08
4.1196e-01 4.1525e-01 1.0000e-08
4.1196e-01 4.1525e-01 1.0000e-08
4.1196e-01 4.1525e-01 1.0000e-08
4.1196e-01 4.1525e-01 1.0000e-08
4.1196e-01 4.1525e-01 1.0000e-08
4.1196e-01 4.1525e-01 1.0000e-08
4.1196e-01 4.1525e-01 1.0000e-08
4.1195e-01 4.1525e-01 1.0000e-08
4.1195e-01 4.1525e-01 1.0000e-08
4.1195e-01 4.1525e-01 1.0000e-08
4.1195e-01 4.1525e-01 1.0000e-08
4.1195e-01 4.1525e-01 1.0000e-08
4.1195e-01 4.1525e-01 1.0000e-08
4.1195e-01 4.1525e-01 1.0000e-08
4.1195e-01 4.1525e-01 1.0000e-08
4.1195e-01 4.1525e-01 1.0000e-08
4.1195e-01 4.1525e-01 1.0000e-08
4.1195e-01 4.1525e-01 1.0000e-08
4.1195e-01 4.1525e-01 1.0000e-08
4.1195e-01 4.1525e-01 1.0000e-08
4.1195e-01 4.1525e-01 1.0000e-08
4.1195e-01 4.1525e-01 1.0000e-08
4.1195e-01 4.1525e-01 1.0000e-08
4.1195e-01 4.1525e-01 1.0000e-08
4.1195e-01 4.1525e-01 1.0000e-08
4.1195e-01 4.1525e-01 1.0000e-08
4.1195e-01 4.1525e-01 1.0000e-08
4.1195e-01 4.1525e-01 1.0000e-08
4.1195e-01 4.1525e-01 1.0000e-08
4.1195e-01 4.1525e-01 1.0000e-08
4.1195e-01 4.1525e-01 1.0000e-08
4.1195e-01 4.1525e-01 1.0000e-08
4.1195e-01 4.1525e-01 1.0000e-08
4.1195e-01 4.1525e-01 1.0000e-08
4.1195e-01 4.1525e-01 1.0000e-08
4.1195e-01 4.1525e-01 1.0000e-08
4.1195e-01 4.1525e-01 1.0000e-08
4.1195e-01 4.1525e-01 1.0000e-08
4.1195e-01 4.1525e-01 1.0000e-08
4.1195e-01 4.1525e-01 1.0000e-08
4.1195e-01 4.1525e-01 1.0000e-08
4.1195e-01 4.1525e-01 1.0000e-08
4.1195e-01 4.1525e-01 1.0000e-08
4.1195e-01 4.1525e-01 1.0000e-08
4.1195e-01 4.1525e-01 1.0000e-08
4.1195e-01 4.1525e-01 1.0000e-08
4.1195e-01 4.1525e-01 1.0000e-08
4.1195e-01 4.1525e-01 1.0000e-08
4.1195e-01 4.1525e-01 1.0000e-08
4.1195e-01 4.1525e-01 1.0000e-08
4.1195e-01 4.1525e-01 1.0000e-08
4.1195e-01 4.1525e-01 1.0000e-08
4.1195e-01 4.1525e-01 1.0000e-08
4.1195e-01 4.1525e-01 1.0000e-08
4.1195e-01 4.1525e-01 1.0000e-08
4.1195e-01 4.1525e-01 1.0000e-08
4.1195e-01 4.1525e-01 1.0000e-08
4.1195e-01 4.1525e-01 1.0000e-08
4.1195e-01 4.1525e-01 1.0000e-08
4.1195e-01 4.1525e-01 1.0000e-08
4.1195e-01 4.1525e-01 1.0000e-08
4.1195e-01 4.1525e-01 1.0000e-08
4.1195e-01 4.1525e-01 1.0000e-08
4.1195e-01 4.1525e-01 1.0000e-08
4.1195e-01 4.1525e-01 1.0000e-08
4.1195e-01 4.1525e-01 1.0000e-08
4.1195e-01 4.1525e-01 1.0000e-08
4.1195e-01 4.1525e-01 1.0000e-08
4.1195e-01 4.1525e-01 1.0000e-08
4.1195e-01 4.1525e-01 1.0000e-08
4.1195e-01 4.1525e-01 1.0000e-08
4.1195e-01 4.1525e-01 1.0000e-08
4.1195e-01 4.1525e-01 1.0000e-08
4.1195e-01 4.1525e-01 1.0000e-08
4.1195e-01 4.1525e-01 1.0000e-08
4.1195e-01 4.1525e-01 1.0000e-08
4.1195e-01 4.1525e-01 1.0000e-08
4.1195e-01 4.1525e-01 1.0000e-08
4.1195e-01 4.1525e-01 1.0000e-08
4.1195e-01 4.1525e-01 1.0000e-08
4.1195e-01 4.1525e-01 1.0000e-08
4.1195e-01 4.1525e-01 1.0000e-08
4.1195e-01 4.1525e-01 1.0000e-08
4.1195e-01 4.1525e-01 1.0000e-08
4.1195e-01 4.1525e-01 1.0000e-08
4.1195e-01 4.1525e-01 1.0000e-08
4.1195e-01 4.1525e-01 1.0000e-08
4.1195e-01 4.1525e-01 1.0000e-08
4.1195e-01 4.1525e-01 1.0000e-08
4.1195e-01 4.1525e-01 1.0000e-08
4.1195e-01 4.1525e-01 1.0000e-08
4.1195e-01 4.1525e-01 1.0000e-08
4.1195e-01 4.1525e-01 1.0000e-08
4.1195e-01 4.1525e-01 1.0000e-08
4.1195e-01 4.1525e-01 1.0000e-08
4.1195e-01 4.1525e-01 1.0000e-08
4.1195e-01 4.1525e-01 1.0000e-08
4.1195e-01 4.1525e-01 1.0000e-08
4.1195e-01 4.1525e-01 1.0000e-08
4.1195e-01 4.1525e-01 1.0000e-08
4.1195e-01 4.1525e-01 1.0000e-08
4.1195e-01 4.1525e-01 1.0000e-08
4.1195e-01 4.1525e-01 1.0000e-08
4.1195e-01 4.1525e-01 1.0000e-08
4.1195e-01 4.1525e-01 1.0000e-08
4.1195e-01 4.1525e-01 1.0000e-08
4.1195e-01 4.1525e-01 1.0000e-08
4.1195e-01 4.1525e-01 1.0000e-08
4.1195e-01 4.1525e-01 1.0000e-08
4.1195e-01 4.1525e-01 1.0000e-08
4.1195e-01 4.1525e-01 1.0000e-08
4.1195e-01 4.1525e-01 1.0000e-08
4.1195e-01 4.1525e-01 1.0000e-08
4.1195e-01 4.1525e-01 1.0000e-08
4.1195e-01 4.1525e-01 1.0000e-08
4.1195e-01 4.1525e-01 1.0000e-08
4.1195e-01 4.1525e-01 1.0000e-08
4.1195e-01 4.1525e-01 1.0000e-08
4.1195e-01 4.1525e-01 1.0000e-08
4.1195e-01 4.1525e-01 1.0000e-08
4.1195e-01 4.1525e-01 1.0000e-08
4.1195e-01 4.1525e-01 1.0000e-08
4.1195e-01 4.1525e-01 1.0000e-08
4.1195e-01 4.1525e-01 1.0000e-08
4.1195e-01 4.1525e-01 1.0000e-08
4.1195e-01 4.1525e-01 1.0000e-08
4.1195e-01 4.1525e-01 1.0000e-08
4.1195e-01 4.1525e-01 1.0000e-08
4.1195e-01 4.1525e-01 1.0000e-08
4.1195e-01 4.1525e-01 1.0000e-08
4.1195e-01 4.1525e-01 1.0000e-08
4.1196e-01 4.1525e-01 1.0000e-08
4.1196e-01 4.1525e-01 1.0000e-08
4.1196e-01 4.1525e-01 1.0000e-08
4.1196e-01 4.1525e-01 1.0000e-08
4.1196e-01 4.1525e-01 1.0000e-08
4.1196e-01 4.1525e-01 1.0000e-08
4.1196e-01 4.1525e-01 1.0000e-08
4.1196e-01 4.1525e-01 1.0000e-08
4.1196e-01 4.1525e-01 1.0000e-08
4.1196e-01 4.1525e-01 1.0000e-08
4.1196e-01 4.1525e-01 1.0000e-08
4.1196e-01 4.1525e-01 1.0000e-08
4.1196e-01 4.1525e-01 1.0000e-08
4.1196e-01 4.1525e-01 1.0000e-08
4.1196e-01 4.1525e-01 1.0000e-08
4.1196e-01 4.1525e-01 1.0000e-08
4.1196e-01 4.1525e-01 1.0000e-08
4.1196e-01 4.1525e-01 1.0000e-08
4.1196e-01 4.1525e-01 1.0000e-08
4.1196e-01 4.1525e-01 1.0000e-08
4.1196e-01 4.1525e-01 1.0000e-08
4.1196e-01 4.1525e-01 1.0000e-08
4.1196e-01 4.1525e-01 1.0000e-08
4.1196e-01 4.1525e-01 1.0000e-08
4.1196e-01 4.1525e-01 1.0000e-08
4.1196e-01 4.1525e-01 1.0000e-08
4.1196e-01 4.1525e-01 1.0000e-08
4.1196e-01 4.1525e-01 1.0000e-08
4.1196e-01 4.1525e-01 1.0000e-08
4.1196e-01 4.1525e-01 1.0000e-08
4.1196e-01 4.1525e-01 1.0000e-08
4.1196e-01 4.1525e-01 1.0000e-08
4.1196e-01 4.1525e-01 1.0000e-08
4.1196e-01 4.1525e-01 1.0000e-08
4.1196e-01 4.1525e-01 1.0000e-08
4.1196e-01 4.1525e-01 1.0000e-08
4.1195e-01 4.1525e-01 1.0000e-08
4.1195e-01 4.1525e-01 1.0000e-08
4.1195e-01 4.1525e-01 1.0000e-08
4.1195e-01 4.1525e-01 1.0000e-08
4.1195e-01 4.1525e-01 1.0000e-08
4.1195e-01 4.1525e-01 1.0000e-08
4.1195e-01 4.1525e-01 1.0000e-08
4.1195e-01 4.1525e-01 1.0000e-08
4.1195e-01 4.1525e-01 1.0000e-08
4.1195e-01 4.1525e-01 1.0000e-08
4.1195e-01 4.1525e-01 1.0000e-08
4.1195e-01 4.1525e-01 1.0000e-08
4.1195e-01 4.1525e-01 1.0000e-08
4.1195e-01 4.1525e-01 1.0000e-08
4.1195e-01 4.1525e-01 1.0000e-08
4.1195e-01 4.1525e-01 1.0000e-08
4.1195e-01 4.1525e-01 1.0000e-08
4.1195e-01 4.1525e-01 1.0000e-08
4.1195e-01 4.1525e-01 1.0000e-08
4.1195e-01 4.1525e-01 1.0000e-08
4.1195e-01 4.1525e-01 1.0000e-08
4.1195e-01 4.1525e-01 1.0000e-08
4.1195e-01 4.1525e-01 1.0000e-08
4.1195e-01 4.1525e-01 1.0000e-08
4.1195e-01 4.1525e-01 1.0000e-08
4.1195e-01 4.1525e-01 1.0000e-08
4.1195e-01 4.1525e-01 1.0000e-08
4.1195e-01 4.1525e-01 1.0000e-08
4.1195e-01 4.1525e-01 1.0000e-08
4.1195e-01 4.1525e-01 1.0000e-08
4.1195e-01 4.1525e-01 1.0000e-08
4.1195e-01 4.1526e-01 1.0000e-08
4.1195e-01 4.1526e-01 1.0000e-08
4.1195e-01 4.1526e-01 1.0000e-08
4.1195e-01 4.1526e-01 1.0000e-08
4.1195e-01 4.1526e-01 1.0000e-08
4.1195e-01 4.1526e-01 1.0000e-08
4.1195e-01 4.1526e-01 1.0000e-08
4.1195e-01 4.1526e-01 1.0000e-08
4.1195e-01 4.1526e-01 1.0000e-08
4.1195e-01 4.1526e-01 1.0000e-08
4.1195e-01 4.1526e-01 1.0000e-08
4.1195e-01 4.1526e-01 1.0000e-08
4.1195e-01 4.1526e-01 1.0000e-08
4.1195e-01 4.1526e-01 1.0000e-08
4.1195e-01 4.1526e-01 1.0000e-08
4.1195e-01 4.1526e-01 1.0000e-08
4.1195e-01 4.1526e-01 1.0000e-08
4.1195e-01 4.1526e-01 1.0000e-08
4.1195e-01 4.1526e-01 1.0000e-08
4.1195e-01 4.1526e-01 1.0000e-08
4.1195e-01 4.1526e-01 1.0000e-08
4.1195e-01 4.1526e-01 1.0000e-08
4.1195e-01 4.1526e-01 1.0000e-08
4.1195e-01 4.1526e-01 1.0000e-08
4.1195e-01 4.1526e-01 1.0000e-08
4.1195e-01 4.1526e-01 1.0000e-08
4.1195e-01 4.1526e-01 1.0000e-08
4.1195e-01 4.1526e-01 1.0000e-08
4.1195e-01 4.1525e-01 1.0000e-08
4.1195e-01 4.1525e-01 1.0000e-08
4.1195e-01 4.1525e-01 1.0000e-08
4.1195e-01 4.1525e-01 1.0000e-08
4.1195e-01 4.1525e-01 1.0000e-08
4.1195e-01 4.1526e-01 1.0000e-08
4.1195e-01 4.1526e-01 1.0000e-08
4.1195e-01 4.1526e-01 1.0000e-08
4.1195e-01 4.1526e-01 1.0000e-08
4.1195e-01 4.1526e-01 1.0000e-08
4.1195e-01 4.1526e-01 1.0000e-08
4.1195e-01 4.1526e-01 1.0000e-08
4.1195e-01 4.1525e-01 1.0000e-08
4.1195e-01 4.1525e-01 1.0000e-08
4.1195e-01 4.1525e-01 1.0000e-08
4.1195e-01 4.1525e-01 1.0000e-08
4.1195e-01 4.1525e-01 1.0000e-08
4.1195e-01 4.1525e-01 1.0000e-08
4.1195e-01 4.1525e-01 1.0000e-08
4.1195e-01 4.1525e-01 1.0000e-08
4.1195e-01 4.1525e-01 1.0000e-08
4.1195e-01 4.1525e-01 1.0000e-08
4.1195e-01 4.1525e-01 1.0000e-08
4.1195e-01 4.1525e-01 1.0000e-08
4.1195e-01 4.1525e-01 1.0000e-08
4.1195e-01 4.1525e-01 1.0000e-08
4.1195e-01 4.1525e-01 1.0000e-08
4.1195e-01 4.1525e-01 1.0000e-08
4.1195e-01 4.1525e-01 1.0000e-08
4.1195e-01 4.1525e-01 1.0000e-08
4.1195e-01 4.1525e-01 1.0000e-08
4.1195e-01 4.1526e-01 1.0000e-08
4.1195e-01 4.1526e-01 1.0000e-08
4.1195e-01 4.1526e-01 1.0000e-08
4.1195e-01 4.1526e-01 1.0000e-08
4.1195e-01 4.1526e-01 1.0000e-08
4.1195e-01 4.1526e-01 1.0000e-08
4.1195e-01 4.1526e-01 1.0000e-08
4.1195e-01 4.1526e-01 1.0000e-08
4.1195e-01 4.1526e-01 1.0000e-08
4.1195e-01 4.1526e-01 1.0000e-08
4.1195e-01 4.1526e-01 1.0000e-08
4.1195e-01 4.1526e-01 1.0000e-08
4.1195e-01 4.1526e-01 1.0000e-08
4.1195e-01 4.1526e-01 1.0000e-08
4.1194e-01 4.1526e-01 1.0000e-08
4.1194e-01 4.1526e-01 1.0000e-08
4.1194e-01 4.1526e-01 1.0000e-08
4.1194e-01 4.1526e-01 1.0000e-08
4.1194e-01 4.1525e-01 1.0000e-08
4.1194e-01 4.1525e-01 1.0000e-08
4.1194e-01 4.1525e-01 1.0000e-08
4.1194e-01 4.1525e-01 1.0000e-08
4.1194e-01 4.1525e-01 1.0000e-08
4.1194e-01 4.1525e-01 1.0000e-08
4.1194e-01 4.1525e-01 1.0000e-08
4.1194e-01 4.1525e-01 1.0000e-08
4.1194e-01 4.1525e-01 1.0000e-08
4.1194e-01 4.1525e-01 1.0000e-08
4.1194e-01 4.1525e-01 1.0000e-08
4.1195e-01 4.1525e-01 1.0000e-08
4.1195e-01 4.1525e-01 1.0000e-08
4.1195e-01 4.1525e-01 1.0000e-08
4.1195e-01 4.1525e-01 1.0000e-08
4.1195e-01 4.1525e-01 1.0000e-08
4.1195e-01 4.1525e-01 1.0000e-08
4.1195e-01 4.1525e-01 1.0000e-08
4.1195e-01 4.1525e-01 1.0000e-08
4.1195e-01 4.1526e-01 1.0000e-08
4.1195e-01 4.1526e-01 1.0000e-08
4.1195e-01 4.1526e-01 1.0000e-08
4.1195e-01 4.1526e-01 1.0000e-08
4.1195e-01 4.1526e-01 1.0000e-08
4.1195e-01 4.1526e-01 1.0000e-08
4.1195e-01 4.1526e-01 1.0000e-08
4.1195e-01 4.1526e-01 1.0000e-08
4.1195e-01 4.1526e-01 1.0000e-08
4.1195e-01 4.1526e-01 1.0000e-08
4.1195e-01 4.1526e-01 1.0000e-08
4.1195e-01 4.1526e-01 1.0000e-08
4.1195e-01 4.1526e-01 1.0000e-08
4.1195e-01 4.1526e-01 1.0000e-08
4.1195e-01 4.1526e-01 1.0000e-08
4.1195e-01 4.1526e-01 1.0000e-08
4.1195e-01 4.1526e-01 1.0000e-08
4.1195e-01 4.1526e-01 1.0000e-08
4.1195e-01 4.1526e-01 1.0000e-08
4.1195e-01 4.1526e-01 1.0000e-08
4.1195e-01 4.1526e-01 1.0000e-08
4.1195e-01 4.1526e-01 1.0000e-08
4.1195e-01 4.1526e-01 1.0000e-08
4.1195e-01 4.1526e-01 1.0000e-08
4.1195e-01 4.1526e-01 1.0000e-08
4.1195e-01 4.1526e-01 1.0000e-08
4.1195e-01 4.1526e-01 1.0000e-08
4.1195e-01 4.1526e-01 1.0000e-08
4.1195e-01 4.1526e-01 1.0000e-08
4.1195e-01 4.1526e-01 1.0000e-08
4.1195e-01 4.1526e-01 1.0000e-08
4.1195e-01 4.1526e-01 1.0000e-08
4.1195e-01 4.1526e-01 1.0000e-08
4.1195e-01 4.1526e-01 1.0000e-08
4.1195e-01 4.1526e-01 1.0000e-08
4.1195e-01 4.1526e-01 1.0000e-08
4.1195e-01 4.1526e-01 1.0000e-08
4.1195e-01 4.1526e-01 1.0000e-08
4.1195e-01 4.1526e-01 1.0000e-08
4.1195e-01 4.1526e-01 1.0000e-08
4.1194e-01 4.1526e-01 1.0000e-08
4.1194e-01 4.1526e-01 1.0000e-08
4.1194e-01 4.1526e-01 1.0000e-08
4.1194e-01 4.1526e-01 1.0000e-08
4.1194e-01 4.1526e-01 1.0000e-08
4.1194e-01 4.1526e-01 1.0000e-08
4.1194e-01 4.1526e-01 1.0000e-08
4.1194e-01 4.1526e-01 1.0000e-08
4.1194e-01 4.1526e-01 1.0000e-08
4.1194e-01 4.1526e-01 1.0000e-08
4.1194e-01 4.1526e-01 1.0000e-08
4.1194e-01 4.1526e-01 1.0000e-08
4.1194e-01 4.1526e-01 1.0000e-08
4.1194e-01 4.1526e-01 1.0000e-08
4.1194e-01 4.1526e-01 1.0000e-08
4.1194e-01 4.1526e-01 1.0000e-08
4.1194e-01 4.1526e-01 1.0000e-08
4.1194e-01 4.1526e-01 1.0000e-08
4.1194e-01 4.1526e-01 1.0000e-08
4.1194e-01 4.1526e-01 1.0000e-08
4.1194e-01 4.1526e-01 1.0000e-08
4.1194e-01 4.1526e-01 1.0000e-08
4.1194e-01 4.1526e-01 1.0000e-08
4.1194e-01 4.1526e-01 1.0000e-08
4.1194e-01 4.1526e-01 1.0000e-08
4.1194e-01 4.1526e-01 1.0000e-08
4.1194e-01 4.1526e-01 1.0000e-08
4.1194e-01 4.1525e-01 1.0000e-08
4.1194e-01 4.1525e-01 1.0000e-08
4.1194e-01 4.1525e-01 1.0000e-08
4.1194e-01 4.1525e-01 1.0000e-08
4.1194e-01 4.1525e-01 1.0000e-08
4.1194e-01 4.1525e-01 1.0000e-08
4.1194e-01 4.1525e-01 1.0000e-08
4.1194e-01 4.1525e-01 1.0000e-08
4.1194e-01 4.1525e-01 1.0000e-08
4.1194e-01 4.1525e-01 1.0000e-08
4.1194e-01 4.1525e-01 1.0000e-08
4.1194e-01 4.1525e-01 1.0000e-08
4.1194e-01 4.1525e-01 1.0000e-08
4.1194e-01 4.1525e-01 1.0000e-08
4.1194e-01 4.1525e-01 1.0000e-08
4.1194e-01 4.1525e-01 1.0000e-08
4.1194e-01 4.1525e-01 1.0000e-08
4.1194e-01 4.1525e-01 1.0000e-08
4.1194e-01 4.1525e-01 1.0000e-08
4.1194e-01 4.1525e-01 1.0000e-08
4.1194e-01 4.1525e-01 1.0000e-08
4.1194e-01 4.1525e-01 1.0000e-08
4.1194e-01 4.1525e-01 1.0000e-08
4.1194e-01 4.1525e-01 1.0000e-08
4.1194e-01 4.1525e-01 1.0000e-08
4.1194e-01 4.1525e-01 1.0000e-08
4.1194e-01 4.1525e-01 1.0000e-08
4.1194e-01 4.1525e-01 1.0000e-08
4.1194e-01 4.1525e-01 1.0000e-08
4.1194e-01 4.1525e-01 1.0000e-08
4.1194e-01 4.1525e-01 1.0000e-08
4.1194e-01 4.1525e-01 1.0000e-08
4.1194e-01 4.1525e-01 1.0000e-08
4.1194e-01 4.1525e-01 1.0000e-08
4.1194e-01 4.1525e-01 1.0000e-08
4.1194e-01 4.1525e-01 1.0000e-08
4.1194e-01 4.1525e-01 1.0000e-08
4.1194e-01 4.1525e-01 1.0000e-08
4.1194e-01 4.1525e-01 1.0000e-08
4.1194e-01 4.1525e-01 1.0000e-08
4.1194e-01 4.1525e-01 1.0000e-08
4.1194e-01 4.1525e-01 1.0000e-08
4.1194e-01 4.1525e-01 1.0000e-08
4.1194e-01 4.1525e-01 1.0000e-08
4.1194e-01 4.1525e-01 1.0000e-08
4.1194e-01 4.1525e-01 1.0000e-08
4.1194e-01 4.1525e-01 1.0000e-08
4.1194e-01 4.1525e-01 1.0000e-08
4.1194e-01 4.1525e-01 1.0000e-08
4.1194e-01 4.1525e-01 1.0000e-08
4.1194e-01 4.1525e-01 1.0000e-08
4.1194e-01 4.1525e-01 1.0000e-08
4.1194e-01 4.1525e-01 1.0000e-08
4.1194e-01 4.1525e-01 1.0000e-08
4.1194e-01 4.1525e-01 1.0000e-08
4.1194e-01 4.1525e-01 1.0000e-08
4.1194e-01 4.1525e-01 1.0000e-08
4.1194e-01 4.1525e-01 1.0000e-08
4.1194e-01 4.1525e-01 1.0000e-08
4.1194e-01 4.1525e-01 1.0000e-08
4.1194e-01 4.1525e-01 1.0000e-08
4.1194e-01 4.1525e-01 1.0000e-08
4.1194e-01 4.1525e-01 1.0000e-08
4.1194e-01 4.1525e-01 1.0000e-08
4.1194e-01 4.1525e-01 1.0000e-08
4.1194e-01 4.1525e-01 1.0000e-08
4.1194e-01 4.1525e-01 1.0000e-08
4.1193e-01 4.1525e-01 1.0000e-08
4.1193e-01 4.1525e-01 1.0000e-08
4.1193e-01 4.1525e-01 1.0000e-08
4.1193e-01 4.1525e-01 1.0000e-08
4.1193e-01 4.1525e-01 1.0000e-08
4.1193e-01 4.1525e-01 1.0000e-08
4.1193e-01 4.1525e-01 1.0000e-08
4.1193e-01 4.1525e-01 1.0000e-08
4.1193e-01 4.1525e-01 1.0000e-08
4.1193e-01 4.1525e-01 1.0000e-08
4.1193e-01 4.1525e-01 1.0000e-08
4.1193e-01 4.1525e-01 1.0000e-08
4.1193e-01 4.1525e-01 1.0000e-08
4.1193e-01 4.1525e-01 1.0000e-08
4.1193e-01 4.1525e-01 1.0000e-08
4.1193e-01 4.1525e-01 1.0000e-08
4.1193e-01 4.1525e-01 1.0000e-08
4.1193e-01 4.1525e-01 1.0000e-08
4.1193e-01 4.1525e-01 1.0000e-08
4.1193e-01 4.1525e-01 1.0000e-08
4.1193e-01 4.1525e-01 1.0000e-08
4.1193e-01 4.1525e-01 1.0000e-08
4.1193e-01 4.1525e-01 1.0000e-08
4.1193e-01 4.1525e-01 1.0000e-08
4.1193e-01 4.1525e-01 1.0000e-08
4.1193e-01 4.1525e-01 1.0000e-08
4.1193e-01 4.1525e-01 1.0000e-08
4.1193e-01 4.1525e-01 1.0000e-08
4.1193e-01 4.1525e-01 1.0000e-08
4.1193e-01 4.1525e-01 1.0000e-08
4.1193e-01 4.1525e-01 1.0000e-08
4.1193e-01 4.1525e-01 1.0000e-08
4.1193e-01 4.1525e-01 1.0000e-08
4.1193e-01 4.1525e-01 1.0000e-08
4.1193e-01 4.1525e-01 1.0000e-08
4.1193e-01 4.1525e-01 1.0000e-08
4.1193e-01 4.1525e-01 1.0000e-08
4.1193e-01 4.1525e-01 1.0000e-08
4.1193e-01 4.1525e-01 1.0000e-08
4.1193e-01 4.1525e-01 1.0000e-08
4.1193e-01 4.1525e-01 1.0000e-08
4.1193e-01 4.1525e-01 1.0000e-08
4.1193e-01 4.1525e-01 1.0000e-08
4.1193e-01 4.1525e-01 1.0000e-08
4.1193e-01 4.1525e-01 1.0000e-08
4.1193e-01 4.1525e-01 1.0000e-08
4.1193e-01 4.1525e-01 1.0000e-08
4.1193e-01 4.1525e-01 1.0000e-08
4.1193e-01 4.1525e-01 1.0000e-08
4.1193e-01 4.1525e-01 1.0000e-08
4.1193e-01 4.1525e-01 1.0000e-08
4.1193e-01 4.1525e-01 1.0000e-08
4.1193e-01 4.1525e-01 1.0000e-08
4.1193e-01 4.1525e-01 1.0000e-08
4.1193e-01 4.1525e-01 1.0000e-08
4.1193e-01 4.1525e-01 1.0000e-08
4.1193e-01 4.1525e-01 1.0000e-08
4.1193e-01 4.1525e-01 1.0000e-08
4.1193e-01 4.1525e-01 1.0000e-08
4.1193e-01 4.1525e-01 1.0000e-08
4.1193e-01 4.1525e-01 1.0000e-08
4.1193e-01 4.1525e-01 1.0000e-08
4.1193e-01 4.1525e-01 1.0000e-08
4.1193e-01 4.1525e-01 1.0000e-08
4.1193e-01 4.1525e-01 1.0000e-08
4.1193e-01 4.1525e-01 1.0000e-08
4.1193e-01 4.1525e-01 1.0000e-08
4.1193e-01 4.1525e-01 1.0000e-08
4.1193e-01 4.1525e-01 1.0000e-08
4.1193e-01 4.1525e-01 1.0000e-08
4.1193e-01 4.1525e-01 1.0000e-08
4.1193e-01 4.1525e-01 1.0000e-08
4.1193e-01 4.1525e-01 1.0000e-08
4.1193e-01 4.1525e-01 1.0000e-08
4.1193e-01 4.1525e-01 1.0000e-08
4.1193e-01 4.1525e-01 1.0000e-08
4.1193e-01 4.1525e-01 1.0000e-08
4.1193e-01 4.1525e-01 1.0000e-08
4.1193e-01 4.1525e-01 1.0000e-08
4.1193e-01 4.1525e-01 1.0000e-08
4.1193e-01 4.1525e-01 1.0000e-08
4.1193e-01 4.1525e-01 1.0000e-08
4.1193e-01 4.1525e-01 1.0000e-08
4.1193e-01 4.1525e-01 1.0000e-08
4.1193e-01 4.1525e-01 1.0000e-08
4.1193e-01 4.1525e-01 1.0000e-08
4.1193e-01 4.1525e-01 1.0000e-08
4.1193e-01 4.1525e-01 1.0000e-08
4.1193e-01 4.1525e-01 1.0000e-08
4.1193e-01 4.1525e-01 1.0000e-08
4.1193e-01 4.1525e-01 1.0000e-08
4.1193e-01 4.1525e-01 1.0000e-08
4.1193e-01 4.1525e-01 1.0000e-08
4.1193e-01 4.1525e-01 1.0000e-08
4.1193e-01 4.1525e-01 1.0000e-08
4.1193e-01 4.1525e-01 1.0000e-08
4.1193e-01 4.1525e-01 1.0000e-08
4.1193e-01 4.1525e-01 1.0000e-08
4.1193e-01 4.1525e-01 1.0000e-08
4.1193e-01 4.1525e-01 1.0000e-08
4.1193e-01 4.1525e-01 1.0000e-08
4.1193e-01 4.1525e-01 1.0000e-08
4.1193e-01 4.1525e-01 1.0000e-08
4.1193e-01 4.1525e-01 1.0000e-08
4.1193e-01 4.1525e-01 1.0000e-08
4.1193e-01 4.1525e-01 1.0000e-08
4.1193e-01 4.1525e-01 1.0000e-08
4.1193e-01 4.1525e-01 1.0000e-08
4.1193e-01 4.1525e-01 1.0000e-08
4.1193e-01 4.1525e-01 1.0000e-08
4.1193e-01 4.1525e-01 1.0000e-08
4.1193e-01 4.1525e-01 1.0000e-08
4.1193e-01 4.1525e-01 1.0000e-08
4.1193e-01 4.1525e-01 1.0000e-08
4.1193e-01 4.1525e-01 1.0000e-08
4.1193e-01 4.1525e-01 1.0000e-08
4.1193e-01 4.1525e-01 1.0000e-08
4.1193e-01 4.1525e-01 1.0000e-08
4.1193e-01 4.1525e-01 1.0000e-08
4.1193e-01 4.1525e-01 1.0000e-08
4.1192e-01 4.1525e-01 1.0000e-08
4.1192e-01 4.1525e-01 1.0000e-08
4.1192e-01 4.1525e-01 1.0000e-08
4.1192e-01 4.1524e-01 1.0000e-08
4.1192e-01 4.1525e-01 1.0000e-08
4.1192e-01 4.1525e-01 1.0000e-08
4.1192e-01 4.1525e-01 1.0000e-08
4.1192e-01 4.1525e-01 1.0000e-08
4.1192e-01 4.1525e-01 1.0000e-08
4.1192e-01 4.1525e-01 1.0000e-08
4.1192e-01 4.1525e-01 1.0000e-08
4.1192e-01 4.1525e-01 1.0000e-08
4.1192e-01 4.1525e-01 1.0000e-08
4.1192e-01 4.1525e-01 1.0000e-08
4.1192e-01 4.1525e-01 1.0000e-08
4.1192e-01 4.1525e-01 1.0000e-08
4.1192e-01 4.1525e-01 1.0000e-08
4.1192e-01 4.1525e-01 1.0000e-08
4.1192e-01 4.1525e-01 1.0000e-08
4.1192e-01 4.1525e-01 1.0000e-08
4.1192e-01 4.1525e-01 1.0000e-08
4.1192e-01 4.1525e-01 1.0000e-08
4.1192e-01 4.1525e-01 1.0000e-08
4.1192e-01 4.1525e-01 1.0000e-08
4.1193e-01 4.1525e-01 1.0000e-08
4.1193e-01 4.1525e-01 1.0000e-08
4.1193e-01 4.1525e-01 1.0000e-08
4.1193e-01 4.1525e-01 1.0000e-08
4.1193e-01 4.1525e-01 1.0000e-08
4.1193e-01 4.1525e-01 1.0000e-08
4.1193e-01 4.1525e-01 1.0000e-08
4.1193e-01 4.1525e-01 1.0000e-08
4.1193e-01 4.1525e-01 1.0000e-08
4.1193e-01 4.1525e-01 1.0000e-08
4.1193e-01 4.1525e-01 1.0000e-08
4.1193e-01 4.1525e-01 1.0000e-08
4.1193e-01 4.1525e-01 1.0000e-08
4.1193e-01 4.1525e-01 1.0000e-08
4.1193e-01 4.1525e-01 1.0000e-08
4.1193e-01 4.1525e-01 1.0000e-08
4.1193e-01 4.1525e-01 1.0000e-08
4.1193e-01 4.1525e-01 1.0000e-08
4.1193e-01 4.1525e-01 1.0000e-08
4.1193e-01 4.1525e-01 1.0000e-08
4.1193e-01 4.1525e-01 1.0000e-08
4.1193e-01 4.1525e-01 1.0000e-08
4.1193e-01 4.1525e-01 1.0000e-08
4.1193e-01 4.1525e-01 1.0000e-08
4.1193e-01 4.1525e-01 1.0000e-08
4.1193e-01 4.1525e-01 1.0000e-08
4.1193e-01 4.1525e-01 1.0000e-08
4.1193e-01 4.1525e-01 1.0000e-08
4.1193e-01 4.1525e-01 1.0000e-08
4.1193e-01 4.1525e-01 1.0000e-08
4.1193e-01 4.1525e-01 1.0000e-08
4.1193e-01 4.1525e-01 1.0000e-08
4.1193e-01 4.1525e-01 1.0000e-08
4.1193e-01 4.1525e-01 1.0000e-08
4.1193e-01 4.1525e-01 1.0000e-08
4.1193e-01 4.1525e-01 1.0000e-08
4.1193e-01 4.1525e-01 1.0000e-08
4.1193e-01 4.1525e-01 1.0000e-08
4.1193e-01 4.1525e-01 1.0000e-08
4.1193e-01 4.1525e-01 1.0000e-08
4.1193e-01 4.1525e-01 1.0000e-08
4.1193e-01 4.1525e-01 1.0000e-08
4.1193e-01 4.1525e-01 1.0000e-08
4.1193e-01 4.1525e-01 1.0000e-08
4.1193e-01 4.1525e-01 1.0000e-08
4.1193e-01 4.1525e-01 1.0000e-08
4.1193e-01 4.1525e-01 1.0000e-08
4.1193e-01 4.1525e-01 1.0000e-08
4.1193e-01 4.1525e-01 1.0000e-08
4.1193e-01 4.1525e-01 1.0000e-08
4.1193e-01 4.1525e-01 1.0000e-08
4.1193e-01 4.1525e-01 1.0000e-08
4.1193e-01 4.1525e-01 1.0000e-08
4.1193e-01 4.1525e-01 1.0000e-08
4.1193e-01 4.1525e-01 1.0000e-08
4.1193e-01 4.1525e-01 1.0000e-08
4.1193e-01 4.1525e-01 1.0000e-08
4.1193e-01 4.1525e-01 1.0000e-08
4.1193e-01 4.1525e-01 1.0000e-08
4.1193e-01 4.1525e-01 1.0000e-08
4.1193e-01 4.1525e-01 1.0000e-08
4.1193e-01 4.1525e-01 1.0000e-08
4.1193e-01 4.1525e-01 1.0000e-08
4.1193e-01 4.1525e-01 1.0000e-08
4.1193e-01 4.1525e-01 1.0000e-08
4.1193e-01 4.1525e-01 1.0000e-08
4.1193e-01 4.1525e-01 1.0000e-08
4.1193e-01 4.1525e-01 1.0000e-08
4.1193e-01 4.1525e-01 1.0000e-08
4.1193e-01 4.1525e-01 1.0000e-08
4.1193e-01 4.1525e-01 1.0000e-08
4.1193e-01 4.1525e-01 1.0000e-08
4.1193e-01 4.1525e-01 1.0000e-08
4.1193e-01 4.1525e-01 1.0000e-08
4.1193e-01 4.1525e-01 1.0000e-08
4.1193e-01 4.1525e-01 1.0000e-08
4.1193e-01 4.1525e-01 1.0000e-08
4.1193e-01 4.1525e-01 1.0000e-08
4.1193e-01 4.1525e-01 1.0000e-08
4.1193e-01 4.1525e-01 1.0000e-08
4.1193e-01 4.1525e-01 1.0000e-08
4.1192e-01 4.1525e-01 1.0000e-08
4.1192e-01 4.1525e-01 1.0000e-08
4.1192e-01 4.1525e-01 1.0000e-08
4.1192e-01 4.1525e-01 1.0000e-08
4.1192e-01 4.1525e-01 1.0000e-08
4.1192e-01 4.1525e-01 1.0000e-08
4.1192e-01 4.1525e-01 1.0000e-08
4.1192e-01 4.1525e-01 1.0000e-08
4.1192e-01 4.1525e-01 1.0000e-08
4.1192e-01 4.1525e-01 1.0000e-08
4.1192e-01 4.1525e-01 1.0000e-08
4.1192e-01 4.1525e-01 1.0000e-08
4.1192e-01 4.1525e-01 1.0000e-08
4.1192e-01 4.1524e-01 1.0000e-08
4.1192e-01 4.1524e-01 1.0000e-08
4.1192e-01 4.1524e-01 1.0000e-08
4.1192e-01 4.1524e-01 1.0000e-08
4.1192e-01 4.1524e-01 1.0000e-08
4.1192e-01 4.1524e-01 1.0000e-08
4.1192e-01 4.1524e-01 1.0000e-08
4.1192e-01 4.1524e-01 1.0000e-08
4.1192e-01 4.1524e-01 1.0000e-08
4.1192e-01 4.1524e-01 1.0000e-08
4.1192e-01 4.1524e-01 1.0000e-08
4.1192e-01 4.1524e-01 1.0000e-08
4.1192e-01 4.1524e-01 1.0000e-08
4.1192e-01 4.1524e-01 1.0000e-08
4.1192e-01 4.1524e-01 1.0000e-08
4.1192e-01 4.1524e-01 1.0000e-08
4.1192e-01 4.1524e-01 1.0000e-08
4.1192e-01 4.1524e-01 1.0000e-08
4.1192e-01 4.1524e-01 1.0000e-08
4.1192e-01 4.1524e-01 1.0000e-08
4.1192e-01 4.1524e-01 1.0000e-08
4.1192e-01 4.1524e-01 1.0000e-08
4.1192e-01 4.1524e-01 1.0000e-08
4.1192e-01 4.1524e-01 1.0000e-08
4.1192e-01 4.1524e-01 1.0000e-08
4.1192e-01 4.1524e-01 1.0000e-08
4.1192e-01 4.1524e-01 1.0000e-08
4.1192e-01 4.1524e-01 1.0000e-08
4.1192e-01 4.1524e-01 1.0000e-08
4.1192e-01 4.1524e-01 1.0000e-08
4.1192e-01 4.1524e-01 1.0000e-08
4.1192e-01 4.1524e-01 1.0000e-08
4.1192e-01 4.1524e-01 1.0000e-08
4.1192e-01 4.1524e-01 1.0000e-08
4.1192e-01 4.1524e-01 1.0000e-08
4.1192e-01 4.1524e-01 1.0000e-08
4.1192e-01 4.1524e-01 1.0000e-08
4.1192e-01 4.1524e-01 1.0000e-08
4.1192e-01 4.1525e-01 1.0000e-08
4.1192e-01 4.1525e-01 1.0000e-08
4.1192e-01 4.1524e-01 1.0000e-08
4.1192e-01 4.1524e-01 1.0000e-08
4.1192e-01 4.1524e-01 1.0000e-08
4.1192e-01 4.1524e-01 1.0000e-08
4.1192e-01 4.1525e-01 1.0000e-08
4.1192e-01 4.1524e-01 1.0000e-08
4.1192e-01 4.1524e-01 1.0000e-08
4.1192e-01 4.1524e-01 1.0000e-08
4.1192e-01 4.1525e-01 1.0000e-08
4.1192e-01 4.1525e-01 1.0000e-08
4.1192e-01 4.1525e-01 1.0000e-08
4.1192e-01 4.1525e-01 1.0000e-08
4.1192e-01 4.1525e-01 1.0000e-08
4.1192e-01 4.1525e-01 1.0000e-08
4.1192e-01 4.1525e-01 1.0000e-08
4.1192e-01 4.1525e-01 1.0000e-08
4.1192e-01 4.1525e-01 1.0000e-08
4.1192e-01 4.1525e-01 1.0000e-08
4.1192e-01 4.1525e-01 1.0000e-08
4.1192e-01 4.1525e-01 1.0000e-08
4.1192e-01 4.1525e-01 1.0000e-08
4.1192e-01 4.1525e-01 1.0000e-08
4.1192e-01 4.1525e-01 1.0000e-08
4.1193e-01 4.1525e-01 1.0000e-08
4.1193e-01 4.1525e-01 1.0000e-08
4.1193e-01 4.1525e-01 1.0000e-08
4.1193e-01 4.1525e-01 1.0000e-08
4.1193e-01 4.1525e-01 1.0000e-08
4.1193e-01 4.1525e-01 1.0000e-08
4.1193e-01 4.1525e-01 1.0000e-08
4.1193e-01 4.1525e-01 1.0000e-08
4.1193e-01 4.1525e-01 1.0000e-08
4.1193e-01 4.1525e-01 1.0000e-08
4.1193e-01 4.1525e-01 1.0000e-08
4.1193e-01 4.1525e-01 1.0000e-08
4.1193e-01 4.1525e-01 1.0000e-08
4.1193e-01 4.1524e-01 1.0000e-08
4.1193e-01 4.1524e-01 1.0000e-08
