1.3899e+00 1.3910e+00 1.2193e-04
1.3790e+00 1.3800e+00 1.2193e-04
1.3680e+00 1.3690e+00 1.2193e-04
1.3573e+00 1.3584e+00 1.2193e-04
1.3469e+00 1.3480e+00 1.2193e-04
1.3372e+00 1.3383e+00 1.2193e-04
1.3280e+00 1.3292e+00 1.2193e-04
1.3189e+00 1.3202e+00 1.2193e-04
1.3097e+00 1.3111e+00 1.2193e-04
1.3006e+00 1.3020e+00 1.2193e-04
1.2912e+00 1.2927e+00 1.2193e-04
1.2818e+00 1.2834e+00 1.2193e-04
1.2723e+00 1.2742e+00 1.2193e-04
1.2630e+00 1.2650e+00 1.2193e-04
1.2537e+00 1.2559e+00 1.2193e-04
1.2445e+00 1.2468e+00 1.2193e-04
1.2353e+00 1.2378e+00 1.2193e-04
1.2262e+00 1.2289e+00 1.2193e-04
1.2172e+00 1.2201e+00 1.2193e-04
1.2085e+00 1.2115e+00 1.2193e-04
1.1999e+00 1.2032e+00 1.2193e-04
1.1914e+00 1.1949e+00 1.2193e-04
1.1831e+00 1.1868e+00 1.2193e-04
1.1748e+00 1.1787e+00 1.2193e-04
1.1667e+00 1.1707e+00 1.2193e-04
1.1586e+00 1.1628e+00 1.2193e-04
1.1503e+00 1.1548e+00 1.2193e-04
1.1421e+00 1.1468e+00 1.2193e-04
1.1341e+00 1.1390e+00 1.2193e-04
1.1262e+00 1.1313e+00 1.2193e-04
1.1185e+00 1.1239e+00 1.2193e-04
1.1110e+00 1.1166e+00 1.2193e-04
1.1036e+00 1.1095e+00 1.2193e-04
1.0964e+00 1.1026e+00 1.2193e-04
1.0894e+00 1.0958e+00 1.2193e-04
1.0825e+00 1.0892e+00 1.2193e-04
1.0757e+00 1.0828e+00 1.2193e-04
1.0691e+00 1.0766e+00 1.2193e-04
1.0627e+00 1.0705e+00 1.2193e-04
1.0565e+00 1.0646e+00 1.2193e-04
1.0505e+00 1.0589e+00 1.2193e-04
1.0447e+00 1.0535e+00 1.2193e-04
1.0390e+00 1.0482e+00 1.2193e-04
1.0335e+00 1.0431e+00 1.2193e-04
1.0283e+00 1.0382e+00 1.2193e-04
1.0233e+00 1.0335e+00 1.2193e-04
1.0184e+00 1.0290e+00 1.2193e-04
1.0137e+00 1.0246e+00 1.2193e-04
1.0090e+00 1.0204e+00 1.2193e-04
1.0045e+00 1.0162e+00 1.2193e-04
1.0002e+00 1.0121e+00 1.2193e-04
9.9595e-01 1.0081e+00 1.2193e-04
9.9185e-01 1.0043e+00 1.2193e-04
9.8793e-01 1.0007e+00 1.2193e-04
9.8426e-01 9.9724e-01 1.2193e-04
9.8078e-01 9.9404e-01 1.2193e-04
9.7745e-01 9.9089e-01 1.2193e-04
9.7431e-01 9.8796e-01 1.2193e-04
9.7128e-01 9.8516e-01 1.2193e-04
9.6830e-01 9.8237e-01 1.2193e-04
9.6545e-01 9.7973e-01 1.2193e-04
9.6267e-01 9.7710e-01 1.2193e-04
9.6011e-01 9.7473e-01 1.2193e-04
9.5779e-01 9.7269e-01 1.2193e-04
9.5543e-01 9.7059e-01 1.2193e-04
9.5328e-01 9.6870e-01 1.2193e-04
9.5107e-01 9.6670e-01 1.2193e-04
9.4866e-01 9.6429e-01 1.2193e-04
9.4612e-01 9.6166e-01 1.2193e-04
9.4365e-01 9.5905e-01 1.2193e-04
9.4117e-01 9.5638e-01 1.2193e-04
9.3867e-01 9.5368e-01 1.2193e-04
9.3637e-01 9.5123e-01 1.2193e-04
9.3418e-01 9.4887e-01 1.2193e-04
9.3230e-01 9.4690e-01 1.2193e-04
9.3103e-01 9.4573e-01 1.2193e-04
9.3012e-01 9.4502e-01 1.2193e-04
9.2925e-01 9.4436e-01 1.2193e-04
9.2797e-01 9.4318e-01 1.2193e-04
9.2598e-01 9.4109e-01 1.2193e-04
9.2361e-01 9.3857e-01 1.2193e-04
9.2082e-01 9.3551e-01 1.2193e-04
9.1813e-01 9.3251e-01 1.2193e-04
9.1588e-01 9.3004e-01 1.2193e-04
9.1400e-01 9.2806e-01 1.2193e-04
9.1247e-01 9.2657e-01 1.2193e-04
9.1102e-01 9.2517e-01 1.2193e-04
9.0960e-01 9.2382e-01 1.2193e-04
9.0841e-01 9.2276e-01 1.2193e-04
9.0709e-01 9.2151e-01 1.2193e-04
9.0519e-01 9.1959e-01 1.2193e-04
9.0261e-01 9.1689e-01 1.2193e-04
9.0043e-01 9.1468e-01 1.2193e-04
8.9770e-01 9.1179e-01 1.2193e-04
8.9485e-01 9.0877e-01 1.2193e-04
8.9201e-01 9.0575e-01 1.2193e-04
8.8931e-01 9.0287e-01 1.2193e-04
8.8672e-01 9.0013e-01 1.2193e-04
8.8452e-01 8.9791e-01 1.2193e-04
8.8315e-01 8.9666e-01 1.2193e-04
8.8132e-01 8.9486e-01 1.2193e-04
8.7989e-01 8.9354e-01 1.2193e-04
8.7883e-01 8.9264e-01 1.2193e-04
8.7754e-01 8.9145e-01 1.2193e-04
8.7594e-01 8.8993e-01 1.2193e-04
8.7375e-01 8.8778e-01 1.2193e-04
8.7120e-01 8.8521e-01 1.2193e-04
8.6950e-01 8.8360e-01 1.2193e-04
8.6675e-01 8.8075e-01 1.2193e-04
8.6454e-01 8.7846e-01 1.2193e-04
8.6238e-01 8.7619e-01 1.2193e-04
8.6027e-01 8.7394e-01 1.2193e-04
8.5823e-01 8.7171e-01 1.2193e-04
8.5615e-01 8.6948e-01 1.2193e-04
8.5455e-01 8.6781e-01 1.2193e-04
8.5242e-01 8.6551e-01 1.2193e-04
8.5079e-01 8.6381e-01 1.2193e-04
8.4918e-01 8.6216e-01 1.2193e-04
8.4773e-01 8.6070e-01 1.2193e-04
8.4601e-01 8.5892e-01 1.2193e-04
8.4416e-01 8.5704e-01 1.2193e-04
8.4232e-01 8.5522e-01 1.2193e-04
8.4053e-01 8.5345e-01 1.2193e-04
8.3880e-01 8.5175e-01 1.2193e-04
8.3600e-01 8.4878e-01 1.2193e-04
8.3388e-01 8.4658e-01 1.2193e-04
8.3277e-01 8.4558e-01 1.2193e-04
8.3205e-01 8.4505e-01 1.2193e-04
8.3135e-01 8.4448e-01 1.2193e-04
8.2968e-01 8.4277e-01 1.2193e-04
8.2801e-01 8.4109e-01 1.2193e-04
8.2614e-01 8.3915e-01 1.2193e-04
8.2516e-01 8.3826e-01 1.2193e-04
8.2437e-01 8.3760e-01 1.2193e-04
8.2261e-01 8.3577e-01 1.2193e-04
8.2012e-01 8.3308e-01 1.2193e-04
8.1744e-01 8.3015e-01 1.2193e-04
8.1504e-01 8.2754e-01 1.2193e-04
8.1349e-01 8.2590e-01 1.2193e-04
8.1232e-01 8.2479e-01 1.2193e-04
8.1179e-01 8.2446e-01 1.2193e-04
8.1172e-01 8.2466e-01 1.2193e-04
8.1181e-01 8.2507e-01 1.2193e-04
8.1081e-01 8.2427e-01 1.2193e-04
8.0863e-01 8.2201e-01 1.2193e-04
8.0609e-01 8.1930e-01 1.2193e-04
8.0321e-01 8.1607e-01 1.2193e-04
8.0119e-01 8.1388e-01 1.2193e-04
7.9995e-01 8.1264e-01 1.2193e-04
7.9934e-01 8.1217e-01 1.2193e-04
7.9939e-01 8.1253e-01 1.2193e-04
7.9929e-01 8.1273e-01 1.2193e-04
7.9868e-01 8.1231e-01 1.2193e-04
7.9698e-01 8.1055e-01 1.2193e-04
7.9513e-01 8.0862e-01 1.2193e-04
7.9325e-01 8.0669e-01 1.2193e-04
7.9259e-01 8.0622e-01 1.2193e-04
7.9167e-01 8.0538e-01 1.2193e-04
7.9128e-01 8.0513e-01 1.2193e-04
7.9015e-01 8.0403e-01 1.2193e-04
7.8836e-01 8.0210e-01 1.2193e-04
7.8614e-01 7.9963e-01 1.2193e-04
7.8481e-01 7.9822e-01 1.2193e-04
7.8283e-01 7.9599e-01 1.2193e-04
7.8170e-01 7.9483e-01 1.2193e-04
7.8088e-01 7.9403e-01 1.2193e-04
7.8047e-01 7.9381e-01 1.2193e-04
7.8002e-01 7.9358e-01 1.2193e-04
7.7914e-01 7.9283e-01 1.2193e-04
7.7779e-01 7.9158e-01 1.2193e-04
7.7618e-01 7.8995e-01 1.2193e-04
7.7510e-01 7.8893e-01 1.2193e-04
7.7377e-01 7.8756e-01 1.2193e-04
7.7309e-01 7.8699e-01 1.2193e-04
7.7347e-01 7.8776e-01 1.2193e-04
7.7440e-01 7.8910e-01 1.2193e-04
7.7386e-01 7.8865e-01 1.2193e-04
7.7187e-01 7.8647e-01 1.2193e-04
7.6998e-01 7.8440e-01 1.2193e-04
7.6830e-01 7.8247e-01 1.2193e-04
7.6605e-01 7.7981e-01 1.2193e-04
7.6446e-01 7.7795e-01 1.2193e-04
7.6347e-01 7.7682e-01 1.2193e-04
7.6320e-01 7.7657e-01 1.2193e-04
7.6338e-01 7.7688e-01 1.2193e-04
7.6288e-01 7.7642e-01 1.2193e-04
7.6200e-01 7.7552e-01 1.2193e-04
7.6077e-01 7.7421e-01 1.2193e-04
7.5859e-01 7.7176e-01 1.2193e-04
7.5666e-01 7.6961e-01 1.2193e-04
7.5546e-01 7.6842e-01 1.2193e-04
7.5530e-01 7.6853e-01 1.2193e-04
7.5607e-01 7.6975e-01 1.2193e-04
7.5664e-01 7.7062e-01 1.2193e-04
7.5586e-01 7.6985e-01 1.2193e-04
7.5374e-01 7.6746e-01 1.2193e-04
7.5095e-01 7.6422e-01 1.2193e-04
7.4893e-01 7.6179e-01 1.2193e-04
7.4804e-01 7.6074e-01 1.2193e-04
7.4815e-01 7.6095e-01 1.2193e-04
7.4879e-01 7.6186e-01 1.2193e-04
7.4872e-01 7.6187e-01 1.2193e-04
7.4751e-01 7.6054e-01 1.2193e-04
7.4543e-01 7.5811e-01 1.2193e-04
7.4420e-01 7.5671e-01 1.2193e-04
7.4355e-01 7.5603e-01 1.2193e-04
7.4392e-01 7.5663e-01 1.2193e-04
7.4311e-01 7.5575e-01 1.2193e-04
7.4131e-01 7.5363e-01 1.2193e-04
7.3973e-01 7.5165e-01 1.2193e-04
7.3854e-01 7.5017e-01 1.2193e-04
7.3799e-01 7.4958e-01 1.2193e-04
7.3788e-01 7.4957e-01 1.2193e-04
7.3851e-01 7.5043e-01 1.2193e-04
7.3824e-01 7.5019e-01 1.2193e-04
7.3702e-01 7.4883e-01 1.2193e-04
7.3468e-01 7.4603e-01 1.2193e-04
7.3308e-01 7.4418e-01 1.2193e-04
7.3248e-01 7.4368e-01 1.2193e-04
7.3276e-01 7.4429e-01 1.2193e-04
7.3241e-01 7.4405e-01 1.2193e-04
7.3175e-01 7.4338e-01 1.2193e-04
7.3106e-01 7.4262e-01 1.2193e-04
7.3017e-01 7.4157e-01 1.2193e-04
7.2974e-01 7.4117e-01 1.2193e-04
7.2998e-01 7.4167e-01 1.2193e-04
7.2977e-01 7.4158e-01 1.2193e-04
7.3004e-01 7.4211e-01 1.2193e-04
7.3036e-01 7.4268e-01 1.2193e-04
7.2993e-01 7.4228e-01 1.2193e-04
7.2862e-01 7.4076e-01 1.2193e-04
7.2741e-01 7.3934e-01 1.2193e-04
7.2656e-01 7.3840e-01 1.2193e-04
7.2577e-01 7.3753e-01 1.2193e-04
7.2513e-01 7.3678e-01 1.2193e-04
7.2438e-01 7.3587e-01 1.2193e-04
7.2305e-01 7.3418e-01 1.2193e-04
7.2249e-01 7.3354e-01 1.2193e-04
7.2197e-01 7.3296e-01 1.2193e-04
7.2082e-01 7.3156e-01 1.2193e-04
7.2030e-01 7.3100e-01 1.2193e-04
7.2047e-01 7.3132e-01 1.2193e-04
7.1967e-01 7.3040e-01 1.2193e-04
7.1945e-01 7.3019e-01 1.2193e-04
7.1929e-01 7.3012e-01 1.2193e-04
7.1858e-01 7.2934e-01 1.2193e-04
7.1788e-01 7.2855e-01 1.2193e-04
7.1776e-01 7.2860e-01 1.2193e-04
7.1796e-01 7.2902e-01 1.2193e-04
7.1818e-01 7.2949e-01 1.2193e-04
7.1718e-01 7.2842e-01 1.2193e-04
7.1562e-01 7.2661e-01 1.2193e-04
7.1430e-01 7.2504e-01 1.2193e-04
7.1304e-01 7.2352e-01 1.2193e-04
7.1191e-01 7.2215e-01 1.2193e-04
7.1166e-01 7.2193e-01 1.2193e-04
7.1238e-01 7.2296e-01 1.2193e-04
7.1264e-01 7.2335e-01 1.2193e-04
7.1175e-01 7.2232e-01 1.2193e-04
7.1041e-01 7.2075e-01 1.2193e-04
7.0957e-01 7.1975e-01 1.2193e-04
7.0960e-01 7.1990e-01 1.2193e-04
7.0989e-01 7.2038e-01 1.2193e-04
7.1096e-01 7.2175e-01 1.2193e-04
7.1080e-01 7.2162e-01 1.2193e-04
7.0968e-01 7.2038e-01 1.2193e-04
7.0798e-01 7.1842e-01 1.2193e-04
7.0677e-01 7.1707e-01 1.2193e-04
7.0617e-01 7.1646e-01 1.2193e-04
7.0614e-01 7.1648e-01 1.2193e-04
7.0730e-01 7.1790e-01 1.2193e-04
7.0773e-01 7.1843e-01 1.2193e-04
7.0677e-01 7.1731e-01 1.2193e-04
7.0469e-01 7.1487e-01 1.2193e-04
7.0301e-01 7.1288e-01 1.2193e-04
7.0249e-01 7.1226e-01 1.2193e-04
7.0257e-01 7.1238e-01 1.2193e-04
7.0327e-01 7.1330e-01 1.2193e-04
7.0445e-01 7.1470e-01 1.2193e-04
7.0461e-01 7.1491e-01 1.2193e-04
7.0362e-01 7.1382e-01 1.2193e-04
7.0174e-01 7.1172e-01 1.2193e-04
7.0072e-01 7.1067e-01 1.2193e-04
7.0051e-01 7.1059e-01 1.2193e-04
7.0091e-01 7.1128e-01 1.2193e-04
7.0103e-01 7.1153e-01 1.2193e-04
7.0066e-01 7.1114e-01 1.2193e-04
6.9998e-01 7.1038e-01 1.2193e-04
6.9897e-01 7.0919e-01 1.2193e-04
6.9804e-01 7.0805e-01 1.2193e-04
6.9788e-01 7.0789e-01 1.2193e-04
6.9812e-01 7.0820e-01 1.2193e-04
6.9786e-01 7.0794e-01 1.2193e-04
6.9754e-01 7.0768e-01 1.2193e-04
6.9731e-01 7.0752e-01 1.2193e-04
6.9790e-01 7.0833e-01 1.2193e-04
6.9768e-01 7.0819e-01 1.2193e-04
6.9662e-01 7.0703e-01 1.2193e-04
6.9562e-01 7.0590e-01 1.2193e-04
6.9476e-01 7.0492e-01 1.2193e-04
6.9468e-01 7.0481e-01 1.2193e-04
6.9566e-01 7.0594e-01 1.2193e-04
6.9564e-01 7.0589e-01 1.2193e-04
6.9447e-01 7.0454e-01 1.2193e-04
6.9316e-01 7.0302e-01 1.2193e-04
6.9288e-01 7.0275e-01 1.2193e-04
6.9332e-01 7.0335e-01 1.2193e-04
6.9357e-01 7.0368e-01 1.2193e-04
6.9292e-01 7.0303e-01 1.2193e-04
6.9302e-01 7.0313e-01 1.2193e-04
6.9352e-01 7.0373e-01 1.2193e-04
6.9266e-01 7.0281e-01 1.2193e-04
6.9170e-01 7.0182e-01 1.2193e-04
6.9167e-01 7.0183e-01 1.2193e-04
6.9144e-01 7.0170e-01 1.2193e-04
6.9182e-01 7.0226e-01 1.2193e-04
6.9270e-01 7.0329e-01 1.2193e-04
6.9261e-01 7.0315e-01 1.2193e-04
6.9092e-01 7.0126e-01 1.2193e-04
6.8880e-01 6.9891e-01 1.2193e-04
6.8760e-01 6.9763e-01 1.2193e-04
6.8732e-01 6.9738e-01 1.2193e-04
6.8814e-01 6.9835e-01 1.2193e-04
6.8928e-01 6.9961e-01 1.2193e-04
6.8935e-01 6.9972e-01 1.2193e-04
6.8819e-01 6.9849e-01 1.2193e-04
6.8749e-01 6.9776e-01 1.2193e-04
6.8784e-01 6.9817e-01 1.2193e-04
6.8739e-01 6.9776e-01 1.2193e-04
6.8656e-01 6.9700e-01 1.2193e-04
6.8638e-01 6.9688e-01 1.2193e-04
6.8587e-01 6.9631e-01 1.2193e-04
6.8489e-01 6.9519e-01 1.2193e-04
6.8494e-01 6.9530e-01 1.2193e-04
6.8524e-01 6.9567e-01 1.2193e-04
6.8657e-01 6.9714e-01 1.2193e-04
6.8661e-01 6.9722e-01 1.2193e-04
6.8539e-01 6.9597e-01 1.2193e-04
6.8332e-01 6.9377e-01 1.2193e-04
6.8246e-01 6.9290e-01 1.2193e-04
6.8234e-01 6.9291e-01 1.2193e-04
6.8297e-01 6.9371e-01 1.2193e-04
6.8397e-01 6.9487e-01 1.2193e-04
6.8390e-01 6.9483e-01 1.2193e-04
6.8255e-01 6.9339e-01 1.2193e-04
6.8042e-01 6.9106e-01 1.2193e-04
6.7932e-01 6.8983e-01 1.2193e-04
6.7906e-01 6.8961e-01 1.2193e-04
6.7977e-01 6.9050e-01 1.2193e-04
6.8174e-01 6.9275e-01 1.2193e-04
6.8238e-01 6.9352e-01 1.2193e-04
6.8158e-01 6.9272e-01 1.2193e-04
6.7972e-01 6.9079e-01 1.2193e-04
6.7880e-01 6.8988e-01 1.2193e-04
6.7875e-01 6.8987e-01 1.2193e-04
6.7905e-01 6.9014e-01 1.2193e-04
6.7972e-01 6.9077e-01 1.2193e-04
6.8088e-01 6.9188e-01 1.2193e-04
6.8074e-01 6.9162e-01 1.2193e-04
6.7916e-01 6.8982e-01 1.2193e-04
6.7665e-01 6.8706e-01 1.2193e-04
6.7562e-01 6.8591e-01 1.2193e-04
6.7539e-01 6.8567e-01 1.2193e-04
6.7593e-01 6.8631e-01 1.2193e-04
6.7663e-01 6.8714e-01 1.2193e-04
6.7617e-01 6.8672e-01 1.2193e-04
6.7620e-01 6.8685e-01 1.2193e-04
6.7561e-01 6.8629e-01 1.2193e-04
6.7564e-01 6.8635e-01 1.2193e-04
6.7588e-01 6.8671e-01 1.2193e-04
6.7551e-01 6.8641e-01 1.2193e-04
6.7421e-01 6.8519e-01 1.2193e-04
6.7354e-01 6.8457e-01 1.2193e-04
6.7360e-01 6.8473e-01 1.2193e-04
6.7438e-01 6.8565e-01 1.2193e-04
6.7408e-01 6.8543e-01 1.2193e-04
6.7276e-01 6.8413e-01 1.2193e-04
6.7222e-01 6.8370e-01 1.2193e-04
6.7238e-01 6.8403e-01 1.2193e-04
6.7223e-01 6.8394e-01 1.2193e-04
6.7185e-01 6.8361e-01 1.2193e-04
6.7134e-01 6.8312e-01 1.2193e-04
6.7099e-01 6.8279e-01 1.2193e-04
6.7074e-01 6.8249e-01 1.2193e-04
6.7105e-01 6.8272e-01 1.2193e-04
6.7134e-01 6.8285e-01 1.2193e-04
6.7052e-01 6.8181e-01 1.2193e-04
6.6933e-01 6.8049e-01 1.2193e-04
6.6826e-01 6.7934e-01 1.2193e-04
6.6794e-01 6.7901e-01 1.2193e-04
6.6825e-01 6.7939e-01 1.2193e-04
6.6950e-01 6.8075e-01 1.2193e-04
6.7261e-01 6.8409e-01 1.2193e-04
6.7407e-01 6.8574e-01 1.2193e-04
6.7321e-01 6.8492e-01 1.2193e-04
6.7045e-01 6.8208e-01 1.2193e-04
6.6721e-01 6.7874e-01 1.2193e-04
6.6600e-01 6.7761e-01 1.2193e-04
6.6604e-01 6.7779e-01 1.2193e-04
6.6599e-01 6.7792e-01 1.2193e-04
6.6624e-01 6.7836e-01 1.2193e-04
6.6809e-01 6.8037e-01 1.2193e-04
6.7002e-01 6.8250e-01 1.2193e-04
6.7012e-01 6.8267e-01 1.2193e-04
6.6853e-01 6.8109e-01 1.2193e-04
6.6631e-01 6.7879e-01 1.2193e-04
6.6508e-01 6.7741e-01 1.2193e-04
6.6479e-01 6.7704e-01 1.2193e-04
6.6519e-01 6.7742e-01 1.2193e-04
6.6653e-01 6.7877e-01 1.2193e-04
6.6681e-01 6.7895e-01 1.2193e-04
6.6598e-01 6.7796e-01 1.2193e-04
6.6420e-01 6.7600e-01 1.2193e-04
6.6319e-01 6.7491e-01 1.2193e-04
6.6300e-01 6.7473e-01 1.2193e-04
6.6344e-01 6.7526e-01 1.2193e-04
6.6353e-01 6.7536e-01 1.2193e-04
6.6468e-01 6.7662e-01 1.2193e-04
6.6458e-01 6.7660e-01 1.2193e-04
6.6345e-01 6.7553e-01 1.2193e-04
6.6192e-01 6.7396e-01 1.2193e-04
6.6132e-01 6.7337e-01 1.2193e-04
6.6111e-01 6.7324e-01 1.2193e-04
6.6102e-01 6.7321e-01 1.2193e-04
6.6215e-01 6.7444e-01 1.2193e-04
6.6406e-01 6.7646e-01 1.2193e-04
6.6469e-01 6.7708e-01 1.2193e-04
6.6364e-01 6.7595e-01 1.2193e-04
6.6164e-01 6.7386e-01 1.2193e-04
6.5999e-01 6.7202e-01 1.2193e-04
6.5954e-01 6.7144e-01 1.2193e-04
6.5934e-01 6.7111e-01 1.2193e-04
6.5978e-01 6.7143e-01 1.2193e-04
6.6196e-01 6.7362e-01 1.2193e-04
6.6306e-01 6.7470e-01 1.2193e-04
6.6233e-01 6.7394e-01 1.2193e-04
6.6035e-01 6.7196e-01 1.2193e-04
6.5874e-01 6.7043e-01 1.2193e-04
6.5819e-01 6.6996e-01 1.2193e-04
6.5832e-01 6.7023e-01 1.2193e-04
6.5945e-01 6.7153e-01 1.2193e-04
6.6035e-01 6.7253e-01 1.2193e-04
6.5981e-01 6.7207e-01 1.2193e-04
6.5841e-01 6.7066e-01 1.2193e-04
6.5688e-01 6.6913e-01 1.2193e-04
6.5647e-01 6.6874e-01 1.2193e-04
6.5626e-01 6.6859e-01 1.2193e-04
6.5651e-01 6.6884e-01 1.2193e-04
6.5821e-01 6.7060e-01 1.2193e-04
6.5899e-01 6.7135e-01 1.2193e-04
6.5804e-01 6.7028e-01 1.2193e-04
6.5585e-01 6.6790e-01 1.2193e-04
6.5419e-01 6.6612e-01 1.2193e-04
6.5368e-01 6.6556e-01 1.2193e-04
6.5354e-01 6.6546e-01 1.2193e-04
6.5410e-01 6.6608e-01 1.2193e-04
6.5577e-01 6.6794e-01 1.2193e-04
6.5671e-01 6.6899e-01 1.2193e-04
6.5605e-01 6.6841e-01 1.2193e-04
6.5451e-01 6.6694e-01 1.2193e-04
6.5332e-01 6.6576e-01 1.2193e-04
6.5294e-01 6.6543e-01 1.2193e-04
6.5292e-01 6.6548e-01 1.2193e-04
6.5365e-01 6.6633e-01 1.2193e-04
6.5379e-01 6.6646e-01 1.2193e-04
6.5315e-01 6.6585e-01 1.2193e-04
6.5328e-01 6.6605e-01 1.2193e-04
6.5242e-01 6.6522e-01 1.2193e-04
6.5124e-01 6.6397e-01 1.2193e-04
6.5090e-01 6.6359e-01 1.2193e-04
6.5092e-01 6.6364e-01 1.2193e-04
6.5191e-01 6.6468e-01 1.2193e-04
6.5211e-01 6.6491e-01 1.2193e-04
6.5108e-01 6.6383e-01 1.2193e-04
6.5003e-01 6.6276e-01 1.2193e-04
6.4920e-01 6.6186e-01 1.2193e-04
6.4899e-01 6.6168e-01 1.2193e-04
6.4952e-01 6.6238e-01 1.2193e-04
6.5096e-01 6.6387e-01 1.2193e-04
6.5137e-01 6.6426e-01 1.2193e-04
6.5014e-01 6.6291e-01 1.2193e-04
6.4807e-01 6.6067e-01 1.2193e-04
6.4709e-01 6.5955e-01 1.2193e-04
6.4686e-01 6.5932e-01 1.2193e-04
6.4672e-01 6.5926e-01 1.2193e-04
6.4726e-01 6.5991e-01 1.2193e-04
6.4837e-01 6.6108e-01 1.2193e-04
6.4841e-01 6.6113e-01 1.2193e-04
6.4719e-01 6.5985e-01 1.2193e-04
6.4587e-01 6.5839e-01 1.2193e-04
6.4537e-01 6.5777e-01 1.2193e-04
6.4520e-01 6.5754e-01 1.2193e-04
6.4544e-01 6.5774e-01 1.2193e-04
6.4503e-01 6.5722e-01 1.2193e-04
6.4467e-01 6.5675e-01 1.2193e-04
6.4446e-01 6.5653e-01 1.2193e-04
6.4464e-01 6.5674e-01 1.2193e-04
6.4451e-01 6.5650e-01 1.2193e-04
6.4477e-01 6.5676e-01 1.2193e-04
6.4402e-01 6.5592e-01 1.2193e-04
6.4377e-01 6.5568e-01 1.2193e-04
6.4327e-01 6.5525e-01 1.2193e-04
6.4315e-01 6.5520e-01 1.2193e-04
6.4359e-01 6.5566e-01 1.2193e-04
6.4330e-01 6.5547e-01 1.2193e-04
6.4243e-01 6.5467e-01 1.2193e-04
6.4230e-01 6.5468e-01 1.2193e-04
6.4203e-01 6.5459e-01 1.2193e-04
6.4205e-01 6.5475e-01 1.2193e-04
6.4175e-01 6.5444e-01 1.2193e-04
6.4179e-01 6.5441e-01 1.2193e-04
6.4168e-01 6.5423e-01 1.2193e-04
6.4083e-01 6.5321e-01 1.2193e-04
6.3961e-01 6.5183e-01 1.2193e-04
6.3889e-01 6.5097e-01 1.2193e-04
6.3865e-01 6.5066e-01 1.2193e-04
6.3903e-01 6.5114e-01 1.2193e-04
6.3926e-01 6.5155e-01 1.2193e-04
6.3921e-01 6.5155e-01 1.2193e-04
6.3883e-01 6.5122e-01 1.2193e-04
6.3821e-01 6.5059e-01 1.2193e-04
6.3781e-01 6.5013e-01 1.2193e-04
6.3766e-01 6.4994e-01 1.2193e-04
6.3841e-01 6.5066e-01 1.2193e-04
6.3851e-01 6.5067e-01 1.2193e-04
6.3752e-01 6.4964e-01 1.2193e-04
6.3634e-01 6.4846e-01 1.2193e-04
6.3596e-01 6.4807e-01 1.2193e-04
6.3570e-01 6.4779e-01 1.2193e-04
6.3584e-01 6.4794e-01 1.2193e-04
6.3623e-01 6.4821e-01 1.2193e-04
6.3586e-01 6.4776e-01 1.2193e-04
6.3484e-01 6.4670e-01 1.2193e-04
6.3446e-01 6.4629e-01 1.2193e-04
6.3458e-01 6.4655e-01 1.2193e-04
6.3491e-01 6.4712e-01 1.2193e-04
6.3499e-01 6.4742e-01 1.2193e-04
6.3470e-01 6.4723e-01 1.2193e-04
6.3484e-01 6.4745e-01 1.2193e-04
6.3532e-01 6.4793e-01 1.2193e-04
6.3545e-01 6.4788e-01 1.2193e-04
6.3438e-01 6.4650e-01 1.2193e-04
6.3289e-01 6.4479e-01 1.2193e-04
6.3255e-01 6.4441e-01 1.2193e-04
6.3280e-01 6.4481e-01 1.2193e-04
6.3369e-01 6.4586e-01 1.2193e-04
6.3455e-01 6.4697e-01 1.2193e-04
6.3434e-01 6.4692e-01 1.2193e-04
6.3346e-01 6.4602e-01 1.2193e-04
6.3292e-01 6.4534e-01 1.2193e-04
6.3238e-01 6.4455e-01 1.2193e-04
6.3226e-01 6.4425e-01 1.2193e-04
6.3183e-01 6.4359e-01 1.2193e-04
6.3161e-01 6.4312e-01 1.2193e-04
6.3063e-01 6.4188e-01 1.2193e-04
6.3014e-01 6.4132e-01 1.2193e-04
6.3002e-01 6.4133e-01 1.2193e-04
6.3032e-01 6.4176e-01 1.2193e-04
6.3023e-01 6.4174e-01 1.2193e-04
6.2988e-01 6.4146e-01 1.2193e-04
6.2955e-01 6.4111e-01 1.2193e-04
6.2946e-01 6.4099e-01 1.2193e-04
6.2959e-01 6.4105e-01 1.2193e-04
6.2910e-01 6.4047e-01 1.2193e-04
6.2882e-01 6.4019e-01 1.2193e-04
6.2820e-01 6.3956e-01 1.2193e-04
6.2791e-01 6.3928e-01 1.2193e-04
6.2796e-01 6.3951e-01 1.2193e-04
6.2846e-01 6.4025e-01 1.2193e-04
6.2933e-01 6.4128e-01 1.2193e-04
6.2904e-01 6.4098e-01 1.2193e-04
6.2782e-01 6.3964e-01 1.2193e-04
6.2689e-01 6.3858e-01 1.2193e-04
6.2634e-01 6.3795e-01 1.2193e-04
6.2591e-01 6.3741e-01 1.2193e-04
6.2592e-01 6.3736e-01 1.2193e-04
6.2597e-01 6.3745e-01 1.2193e-04
6.2565e-01 6.3720e-01 1.2193e-04
6.2565e-01 6.3728e-01 1.2193e-04
6.2638e-01 6.3812e-01 1.2193e-04
6.2647e-01 6.3828e-01 1.2193e-04
6.2594e-01 6.3782e-01 1.2193e-04
6.2514e-01 6.3695e-01 1.2193e-04
6.2472e-01 6.3646e-01 1.2193e-04
6.2443e-01 6.3616e-01 1.2193e-04
6.2473e-01 6.3655e-01 1.2193e-04
6.2486e-01 6.3665e-01 1.2193e-04
6.2422e-01 6.3598e-01 1.2193e-04
6.2323e-01 6.3497e-01 1.2193e-04
6.2288e-01 6.3465e-01 1.2193e-04
6.2282e-01 6.3472e-01 1.2193e-04
6.2318e-01 6.3524e-01 1.2193e-04
6.2351e-01 6.3565e-01 1.2193e-04
6.2354e-01 6.3572e-01 1.2193e-04
6.2303e-01 6.3507e-01 1.2193e-04
6.2226e-01 6.3417e-01 1.2193e-04
6.2209e-01 6.3397e-01 1.2193e-04
6.2165e-01 6.3347e-01 1.2193e-04
6.2158e-01 6.3343e-01 1.2193e-04
6.2209e-01 6.3404e-01 1.2193e-04
6.2277e-01 6.3490e-01 1.2193e-04
6.2240e-01 6.3464e-01 1.2193e-04
6.2136e-01 6.3362e-01 1.2193e-04
6.2088e-01 6.3318e-01 1.2193e-04
6.2094e-01 6.3344e-01 1.2193e-04
6.2133e-01 6.3402e-01 1.2193e-04
6.2108e-01 6.3381e-01 1.2193e-04
6.2113e-01 6.3382e-01 1.2193e-04
6.2117e-01 6.3383e-01 1.2193e-04
6.2043e-01 6.3307e-01 1.2193e-04
6.1952e-01 6.3215e-01 1.2193e-04
6.1943e-01 6.3222e-01 1.2193e-04
6.1955e-01 6.3251e-01 1.2193e-04
6.2010e-01 6.3324e-01 1.2193e-04
6.2048e-01 6.3367e-01 1.2193e-04
6.1965e-01 6.3276e-01 1.2193e-04
6.1865e-01 6.3170e-01 1.2193e-04
6.1786e-01 6.3081e-01 1.2193e-04
6.1751e-01 6.3034e-01 1.2193e-04
6.1775e-01 6.3053e-01 1.2193e-04
6.1898e-01 6.3191e-01 1.2193e-04
6.1915e-01 6.3218e-01 1.2193e-04
6.1821e-01 6.3126e-01 1.2193e-04
6.1714e-01 6.3011e-01 1.2193e-04
6.1689e-01 6.2970e-01 1.2193e-04
6.1671e-01 6.2945e-01 1.2193e-04
6.1694e-01 6.2977e-01 1.2193e-04
6.1831e-01 6.3121e-01 1.2193e-04
6.1898e-01 6.3183e-01 1.2193e-04
6.1822e-01 6.3090e-01 1.2193e-04
6.1668e-01 6.2914e-01 1.2193e-04
6.1596e-01 6.2811e-01 1.2193e-04
6.1567e-01 6.2759e-01 1.2193e-04
6.1591e-01 6.2774e-01 1.2193e-04
6.1688e-01 6.2877e-01 1.2193e-04
6.1707e-01 6.2902e-01 1.2193e-04
6.1617e-01 6.2808e-01 1.2193e-04
6.1515e-01 6.2704e-01 1.2193e-04
6.1506e-01 6.2701e-01 1.2193e-04
6.1511e-01 6.2722e-01 1.2193e-04
6.1522e-01 6.2756e-01 1.2193e-04
6.1544e-01 6.2807e-01 1.2193e-04
6.1564e-01 6.2854e-01 1.2193e-04
6.1545e-01 6.2842e-01 1.2193e-04
6.1498e-01 6.2784e-01 1.2193e-04
6.1505e-01 6.2787e-01 1.2193e-04
6.1455e-01 6.2730e-01 1.2193e-04
6.1390e-01 6.2667e-01 1.2193e-04
6.1380e-01 6.2673e-01 1.2193e-04
6.1378e-01 6.2697e-01 1.2193e-04
6.1416e-01 6.2759e-01 1.2193e-04
6.1507e-01 6.2896e-01 1.2193e-04
6.1520e-01 6.2940e-01 1.2193e-04
6.1451e-01 6.2888e-01 1.2193e-04
6.1399e-01 6.2831e-01 1.2193e-04
6.1322e-01 6.2724e-01 1.2193e-04
6.1280e-01 6.2659e-01 1.2193e-04
6.1293e-01 6.2655e-01 1.2193e-04
6.1345e-01 6.2692e-01 1.2193e-04
6.1317e-01 6.2647e-01 1.2193e-04
6.1206e-01 6.2519e-01 1.2193e-04
6.1120e-01 6.2412e-01 1.2193e-04
6.1122e-01 6.2412e-01 1.2193e-04
6.1119e-01 6.2420e-01 1.2193e-04
6.1111e-01 6.2431e-01 1.2193e-04
6.1148e-01 6.2487e-01 1.2193e-04
6.1163e-01 6.2504e-01 1.2193e-04
6.1115e-01 6.2432e-01 1.2193e-04
6.1046e-01 6.2326e-01 1.2193e-04
6.1028e-01 6.2287e-01 1.2193e-04
6.1027e-01 6.2285e-01 1.2193e-04
6.1113e-01 6.2382e-01 1.2193e-04
6.1154e-01 6.2423e-01 1.2193e-04
6.1108e-01 6.2385e-01 1.2193e-04
6.1024e-01 6.2310e-01 1.2193e-04
6.1022e-01 6.2329e-01 1.2193e-04
6.1026e-01 6.2349e-01 1.2193e-04
6.1041e-01 6.2380e-01 1.2193e-04
6.1108e-01 6.2469e-01 1.2193e-04
6.1141e-01 6.2516e-01 1.2193e-04
6.1058e-01 6.2422e-01 1.2193e-04
6.0949e-01 6.2286e-01 1.2193e-04
6.0922e-01 6.2239e-01 1.2193e-04
6.0897e-01 6.2204e-01 1.2193e-04
6.0871e-01 6.2173e-01 1.2193e-04
6.0907e-01 6.2207e-01 1.2193e-04
6.1032e-01 6.2347e-01 1.2193e-04
6.1062e-01 6.2385e-01 1.2193e-04
6.0969e-01 6.2289e-01 1.2193e-04
6.0866e-01 6.2185e-01 1.2193e-04
6.0865e-01 6.2205e-01 1.2193e-04
6.0881e-01 6.2245e-01 1.2193e-04
6.0938e-01 6.2340e-01 1.2193e-04
6.0950e-01 6.2375e-01 1.2193e-04
6.0913e-01 6.2347e-01 1.2193e-04
6.0860e-01 6.2281e-01 1.2193e-04
6.0834e-01 6.2241e-01 1.2193e-04
6.0821e-01 6.2228e-01 1.2193e-04
6.0758e-01 6.2146e-01 1.2193e-04
6.0711e-01 6.2084e-01 1.2193e-04
6.0703e-01 6.2077e-01 1.2193e-04
6.0772e-01 6.2164e-01 1.2193e-04
6.0796e-01 6.2195e-01 1.2193e-04
6.0750e-01 6.2155e-01 1.2193e-04
6.0677e-01 6.2085e-01 1.2193e-04
6.0663e-01 6.2071e-01 1.2193e-04
6.0645e-01 6.2043e-01 1.2193e-04
6.0664e-01 6.2059e-01 1.2193e-04
6.0745e-01 6.2139e-01 1.2193e-04
6.0766e-01 6.2163e-01 1.2193e-04
6.0697e-01 6.2094e-01 1.2193e-04
6.0611e-01 6.2001e-01 1.2193e-04
6.0601e-01 6.1995e-01 1.2193e-04
6.0593e-01 6.1991e-01 1.2193e-04
6.0632e-01 6.2039e-01 1.2193e-04
6.0648e-01 6.2047e-01 1.2193e-04
6.0581e-01 6.1963e-01 1.2193e-04
6.0482e-01 6.1839e-01 1.2193e-04
6.0450e-01 6.1793e-01 1.2193e-04
6.0426e-01 6.1757e-01 1.2193e-04
6.0478e-01 6.1804e-01 1.2193e-04
6.0521e-01 6.1849e-01 1.2193e-04
6.0491e-01 6.1825e-01 1.2193e-04
6.0401e-01 6.1736e-01 1.2193e-04
6.0374e-01 6.1729e-01 1.2193e-04
6.0385e-01 6.1770e-01 1.2193e-04
6.0421e-01 6.1833e-01 1.2193e-04
6.0475e-01 6.1903e-01 1.2193e-04
6.0470e-01 6.1891e-01 1.2193e-04
6.0402e-01 6.1807e-01 1.2193e-04
6.0361e-01 6.1751e-01 1.2193e-04
6.0378e-01 6.1754e-01 1.2193e-04
6.0338e-01 6.1704e-01 1.2193e-04
6.0292e-01 6.1653e-01 1.2193e-04
6.0277e-01 6.1640e-01 1.2193e-04
6.0290e-01 6.1662e-01 1.2193e-04
6.0256e-01 6.1628e-01 1.2193e-04
6.0228e-01 6.1611e-01 1.2193e-04
6.0196e-01 6.1581e-01 1.2193e-04
6.0197e-01 6.1598e-01 1.2193e-04
6.0225e-01 6.1647e-01 1.2193e-04
6.0232e-01 6.1686e-01 1.2193e-04
6.0189e-01 6.1650e-01 1.2193e-04
6.0167e-01 6.1633e-01 1.2193e-04
6.0136e-01 6.1592e-01 1.2193e-04
6.0141e-01 6.1587e-01 1.2193e-04
6.0104e-01 6.1531e-01 1.2193e-04
6.0038e-01 6.1446e-01 1.2193e-04
6.0012e-01 6.1411e-01 1.2193e-04
6.0005e-01 6.1413e-01 1.2193e-04
6.0035e-01 6.1463e-01 1.2193e-04
6.0104e-01 6.1573e-01 1.2193e-04
6.0116e-01 6.1611e-01 1.2193e-04
6.0068e-01 6.1575e-01 1.2193e-04
6.0050e-01 6.1563e-01 1.2193e-04
6.0042e-01 6.1558e-01 1.2193e-04
6.0042e-01 6.1560e-01 1.2193e-04
6.0125e-01 6.1643e-01 1.2193e-04
6.0156e-01 6.1683e-01 1.2193e-04
6.0081e-01 6.1614e-01 1.2193e-04
5.9974e-01 6.1512e-01 1.2193e-04
5.9945e-01 6.1487e-01 1.2193e-04
5.9910e-01 6.1441e-01 1.2193e-04
5.9874e-01 6.1397e-01 1.2193e-04
5.9853e-01 6.1369e-01 1.2193e-04
5.9863e-01 6.1378e-01 1.2193e-04
5.9860e-01 6.1373e-01 1.2193e-04
5.9803e-01 6.1306e-01 1.2193e-04
5.9785e-01 6.1293e-01 1.2193e-04
5.9784e-01 6.1306e-01 1.2193e-04
5.9787e-01 6.1321e-01 1.2193e-04
5.9844e-01 6.1372e-01 1.2193e-04
5.9862e-01 6.1383e-01 1.2193e-04
5.9783e-01 6.1300e-01 1.2193e-04
5.9706e-01 6.1220e-01 1.2193e-04
5.9690e-01 6.1207e-01 1.2193e-04
5.9680e-01 6.1214e-01 1.2193e-04
5.9706e-01 6.1271e-01 1.2193e-04
5.9708e-01 6.1301e-01 1.2193e-04
5.9771e-01 6.1402e-01 1.2193e-04
5.9755e-01 6.1399e-01 1.2193e-04
5.9691e-01 6.1334e-01 1.2193e-04
5.9665e-01 6.1304e-01 1.2193e-04
5.9635e-01 6.1259e-01 1.2193e-04
5.9613e-01 6.1219e-01 1.2193e-04
5.9597e-01 6.1178e-01 1.2193e-04
5.9545e-01 6.1104e-01 1.2193e-04
5.9474e-01 6.1005e-01 1.2193e-04
5.9449e-01 6.0977e-01 1.2193e-04
5.9459e-01 6.1003e-01 1.2193e-04
5.9445e-01 6.0993e-01 1.2193e-04
5.9453e-01 6.1015e-01 1.2193e-04
5.9486e-01 6.1068e-01 1.2193e-04
5.9505e-01 6.1115e-01 1.2193e-04
5.9556e-01 6.1187e-01 1.2193e-04
5.9663e-01 6.1295e-01 1.2193e-04
5.9676e-01 6.1302e-01 1.2193e-04
5.9571e-01 6.1180e-01 1.2193e-04
5.9481e-01 6.1070e-01 1.2193e-04
5.9496e-01 6.1083e-01 1.2193e-04
5.9488e-01 6.1089e-01 1.2193e-04
5.9454e-01 6.1068e-01 1.2193e-04
5.9529e-01 6.1165e-01 1.2193e-04
5.9588e-01 6.1232e-01 1.2193e-04
5.9534e-01 6.1181e-01 1.2193e-04
5.9409e-01 6.1043e-01 1.2193e-04
5.9363e-01 6.0979e-01 1.2193e-04
5.9362e-01 6.0979e-01 1.2193e-04
5.9326e-01 6.0959e-01 1.2193e-04
5.9329e-01 6.0985e-01 1.2193e-04
5.9363e-01 6.1011e-01 1.2193e-04
5.9336e-01 6.0955e-01 1.2193e-04
5.9269e-01 6.0855e-01 1.2193e-04
5.9258e-01 6.0827e-01 1.2193e-04
5.9252e-01 6.0824e-01 1.2193e-04
5.9262e-01 6.0849e-01 1.2193e-04
5.9260e-01 6.0850e-01 1.2193e-04
5.9271e-01 6.0857e-01 1.2193e-04
5.9253e-01 6.0833e-01 1.2193e-04
5.9278e-01 6.0869e-01 1.2193e-04
5.9248e-01 6.0845e-01 1.2193e-04
5.9207e-01 6.0795e-01 1.2193e-04
5.9200e-01 6.0790e-01 1.2193e-04
5.9178e-01 6.0783e-01 1.2193e-04
5.9204e-01 6.0828e-01 1.2193e-04
5.9245e-01 6.0883e-01 1.2193e-04
5.9195e-01 6.0839e-01 1.2193e-04
5.9118e-01 6.0754e-01 1.2193e-04
5.9126e-01 6.0728e-01 1.2193e-04
5.9155e-01 6.0739e-01 1.2193e-04
5.9105e-01 6.0691e-01 1.2193e-04
5.9058e-01 6.0666e-01 1.2193e-04
5.9127e-01 6.0753e-01 1.2193e-04
5.9195e-01 6.0823e-01 1.2193e-04
5.9153e-01 6.0777e-01 1.2193e-04
5.9074e-01 6.0695e-01 1.2193e-04
5.9080e-01 6.0701e-01 1.2193e-04
5.9115e-01 6.0751e-01 1.2193e-04
5.9116e-01 6.0772e-01 1.2193e-04
5.9149e-01 6.0829e-01 1.2193e-04
5.9202e-01 6.0902e-01 1.2193e-04
5.9172e-01 6.0879e-01 1.2193e-04
5.9110e-01 6.0816e-01 1.2193e-04
5.9064e-01 6.0748e-01 1.2193e-04
5.9018e-01 6.0694e-01 1.2193e-04
5.8997e-01 6.0692e-01 1.2193e-04
5.8967e-01 6.0665e-01 1.2193e-04
5.8919e-01 6.0611e-01 1.2193e-04
5.8899e-01 6.0600e-01 1.2193e-04
5.8882e-01 6.0594e-01 1.2193e-04
5.8877e-01 6.0597e-01 1.2193e-04
5.8889e-01 6.0615e-01 1.2193e-04
5.8882e-01 6.0601e-01 1.2193e-04
5.8875e-01 6.0577e-01 1.2193e-04
5.8869e-01 6.0567e-01 1.2193e-04
5.8878e-01 6.0587e-01 1.2193e-04
5.8987e-01 6.0701e-01 1.2193e-04
5.9028e-01 6.0744e-01 1.2193e-04
5.8947e-01 6.0667e-01 1.2193e-04
5.8858e-01 6.0580e-01 1.2193e-04
5.8879e-01 6.0612e-01 1.2193e-04
5.8891e-01 6.0640e-01 1.2193e-04
5.8887e-01 6.0663e-01 1.2193e-04
5.8948e-01 6.0736e-01 1.2193e-04
5.8975e-01 6.0753e-01 1.2193e-04
5.8905e-01 6.0667e-01 1.2193e-04
5.8790e-01 6.0523e-01 1.2193e-04
5.8791e-01 6.0480e-01 1.2193e-04
5.8825e-01 6.0489e-01 1.2193e-04
5.8767e-01 6.0425e-01 1.2193e-04
5.8686e-01 6.0354e-01 1.2193e-04
5.8762e-01 6.0453e-01 1.2193e-04
5.8848e-01 6.0551e-01 1.2193e-04
5.8820e-01 6.0530e-01 1.2193e-04
5.8727e-01 6.0445e-01 1.2193e-04
5.8706e-01 6.0439e-01 1.2193e-04
5.8757e-01 6.0510e-01 1.2193e-04
5.8744e-01 6.0527e-01 1.2193e-04
5.8697e-01 6.0506e-01 1.2193e-04
5.8746e-01 6.0590e-01 1.2193e-04
5.8780e-01 6.0643e-01 1.2193e-04
5.8727e-01 6.0595e-01 1.2193e-04
5.8652e-01 6.0520e-01 1.2193e-04
5.8647e-01 6.0516e-01 1.2193e-04
5.8641e-01 6.0505e-01 1.2193e-04
5.8625e-01 6.0466e-01 1.2193e-04
5.8606e-01 6.0409e-01 1.2193e-04
5.8566e-01 6.0346e-01 1.2193e-04
5.8517e-01 6.0278e-01 1.2193e-04
5.8520e-01 6.0290e-01 1.2193e-04
5.8508e-01 6.0293e-01 1.2193e-04
5.8538e-01 6.0351e-01 1.2193e-04
5.8558e-01 6.0395e-01 1.2193e-04
5.8601e-01 6.0468e-01 1.2193e-04
5.8579e-01 6.0463e-01 1.2193e-04
5.8570e-01 6.0454e-01 1.2193e-04
5.8573e-01 6.0460e-01 1.2193e-04
5.8573e-01 6.0476e-01 1.2193e-04
5.8620e-01 6.0541e-01 1.2193e-04
5.8629e-01 6.0562e-01 1.2193e-04
5.8559e-01 6.0493e-01 1.2193e-04
5.8500e-01 6.0416e-01 1.2193e-04
5.8505e-01 6.0402e-01 1.2193e-04
5.8479e-01 6.0374e-01 1.2193e-04
5.8426e-01 6.0328e-01 1.2193e-04
5.8461e-01 6.0383e-01 1.2193e-04
5.8474e-01 6.0404e-01 1.2193e-04
5.8430e-01 6.0356e-01 1.2193e-04
5.8401e-01 6.0330e-01 1.2193e-04
5.8409e-01 6.0343e-01 1.2193e-04
5.8403e-01 6.0343e-01 1.2193e-04
5.8376e-01 6.0332e-01 1.2193e-04
5.8351e-01 6.0311e-01 1.2193e-04
5.8401e-01 6.0370e-01 1.2193e-04
5.8415e-01 6.0382e-01 1.2193e-04
5.8355e-01 6.0308e-01 1.2193e-04
5.8297e-01 6.0233e-01 1.2193e-04
5.8283e-01 6.0207e-01 1.2193e-04
5.8260e-01 6.0186e-01 1.2193e-04
5.8246e-01 6.0174e-01 1.2193e-04
5.8242e-01 6.0176e-01 1.2193e-04
5.8231e-01 6.0168e-01 1.2193e-04
5.8232e-01 6.0192e-01 1.2193e-04
5.8244e-01 6.0221e-01 1.2193e-04
5.8243e-01 6.0223e-01 1.2193e-04
5.8241e-01 6.0214e-01 1.2193e-04
5.8225e-01 6.0177e-01 1.2193e-04
5.8213e-01 6.0152e-01 1.2193e-04
5.8220e-01 6.0148e-01 1.2193e-04
5.8206e-01 6.0121e-01 1.2193e-04
5.8198e-01 6.0106e-01 1.2193e-04
5.8194e-01 6.0103e-01 1.2193e-04
5.8172e-01 6.0079e-01 1.2193e-04
5.8157e-01 6.0070e-01 1.2193e-04
5.8160e-01 6.0092e-01 1.2193e-04
5.8133e-01 6.0072e-01 1.2193e-04
5.8117e-01 6.0078e-01 1.2193e-04
5.8103e-01 6.0084e-01 1.2193e-04
5.8101e-01 6.0075e-01 1.2193e-04
5.8077e-01 6.0057e-01 1.2193e-04
5.8019e-01 6.0017e-01 1.2193e-04
5.8041e-01 6.0070e-01 1.2193e-04
5.8070e-01 6.0110e-01 1.2193e-04
5.8047e-01 6.0085e-01 1.2193e-04
5.8072e-01 6.0125e-01 1.2193e-04
5.8061e-01 6.0109e-01 1.2193e-04
5.8081e-01 6.0140e-01 1.2193e-04
5.8037e-01 6.0084e-01 1.2193e-04
5.7996e-01 6.0031e-01 1.2193e-04
5.7942e-01 5.9955e-01 1.2193e-04
5.7894e-01 5.9904e-01 1.2193e-04
5.7917e-01 5.9940e-01 1.2193e-04
5.7901e-01 5.9926e-01 1.2193e-04
5.7842e-01 5.9867e-01 1.2193e-04
5.7851e-01 5.9887e-01 1.2193e-04
5.7892e-01 5.9961e-01 1.2193e-04
5.7887e-01 5.9996e-01 1.2193e-04
5.7892e-01 6.0032e-01 1.2193e-04
5.7930e-01 6.0074e-01 1.2193e-04
5.7909e-01 6.0042e-01 1.2193e-04
5.7878e-01 5.9984e-01 1.2193e-04
5.7871e-01 5.9957e-01 1.2193e-04
5.7836e-01 5.9909e-01 1.2193e-04
5.7812e-01 5.9873e-01 1.2193e-04
5.7817e-01 5.9876e-01 1.2193e-04
5.7783e-01 5.9835e-01 1.2193e-04
5.7726e-01 5.9775e-01 1.2193e-04
5.7710e-01 5.9764e-01 1.2193e-04
5.7715e-01 5.9797e-01 1.2193e-04
5.7720e-01 5.9848e-01 1.2193e-04
5.7722e-01 5.9872e-01 1.2193e-04
5.7691e-01 5.9848e-01 1.2193e-04
5.7653e-01 5.9808e-01 1.2193e-04
5.7633e-01 5.9779e-01 1.2193e-04
5.7629e-01 5.9784e-01 1.2193e-04
5.7608e-01 5.9792e-01 1.2193e-04
5.7628e-01 5.9859e-01 1.2193e-04
5.7636e-01 5.9898e-01 1.2193e-04
5.7602e-01 5.9874e-01 1.2193e-04
5.7598e-01 5.9885e-01 1.2193e-04
5.7601e-01 5.9903e-01 1.2193e-04
5.7613e-01 5.9929e-01 1.2193e-04
5.7632e-01 5.9947e-01 1.2193e-04
5.7589e-01 5.9883e-01 1.2193e-04
5.7504e-01 5.9765e-01 1.2193e-04
5.7459e-01 5.9691e-01 1.2193e-04
5.7416e-01 5.9626e-01 1.2193e-04
5.7371e-01 5.9567e-01 1.2193e-04
5.7336e-01 5.9508e-01 1.2193e-04
5.7314e-01 5.9476e-01 1.2193e-04
5.7296e-01 5.9480e-01 1.2193e-04
5.7327e-01 5.9559e-01 1.2193e-04
5.7361e-01 5.9634e-01 1.2193e-04
5.7334e-01 5.9638e-01 1.2193e-04
5.7346e-01 5.9673e-01 1.2193e-04
5.7357e-01 5.9709e-01 1.2193e-04
5.7327e-01 5.9695e-01 1.2193e-04
5.7280e-01 5.9647e-01 1.2193e-04
5.7233e-01 5.9574e-01 1.2193e-04
5.7201e-01 5.9522e-01 1.2193e-04
5.7166e-01 5.9478e-01 1.2193e-04
5.7148e-01 5.9464e-01 1.2193e-04
5.7121e-01 5.9446e-01 1.2193e-04
5.7124e-01 5.9469e-01 1.2193e-04
5.7161e-01 5.9525e-01 1.2193e-04
5.7223e-01 5.9610e-01 1.2193e-04
5.7271e-01 5.9674e-01 1.2193e-04
5.7250e-01 5.9647e-01 1.2193e-04
5.7179e-01 5.9551e-01 1.2193e-04
5.7110e-01 5.9439e-01 1.2193e-04
5.7036e-01 5.9344e-01 1.2193e-04
5.7016e-01 5.9336e-01 1.2193e-04
5.7021e-01 5.9359e-01 1.2193e-04
5.6996e-01 5.9362e-01 1.2193e-04
5.6984e-01 5.9357e-01 1.2193e-04
5.7044e-01 5.9443e-01 1.2193e-04
5.7049e-01 5.9480e-01 1.2193e-04
5.7056e-01 5.9541e-01 1.2193e-04
5.7043e-01 5.9547e-01 1.2193e-04
5.6991e-01 5.9482e-01 1.2193e-04
5.6937e-01 5.9416e-01 1.2193e-04
5.6915e-01 5.9391e-01 1.2193e-04
5.6877e-01 5.9325e-01 1.2193e-04
5.6861e-01 5.9285e-01 1.2193e-04
5.6848e-01 5.9285e-01 1.2193e-04
5.6829e-01 5.9274e-01 1.2193e-04
5.6804e-01 5.9275e-01 1.2193e-04
5.6797e-01 5.9286e-01 1.2193e-04
5.6841e-01 5.9369e-01 1.2193e-04
5.6912e-01 5.9463e-01 1.2193e-04
5.6949e-01 5.9491e-01 1.2193e-04
5.6930e-01 5.9456e-01 1.2193e-04
5.6839e-01 5.9326e-01 1.2193e-04
5.6738e-01 5.9185e-01 1.2193e-04
5.6699e-01 5.9119e-01 1.2193e-04
5.6717e-01 5.9134e-01 1.2193e-04
5.6696e-01 5.9105e-01 1.2193e-04
5.6680e-01 5.9104e-01 1.2193e-04
5.6693e-01 5.9150e-01 1.2193e-04
5.6731e-01 5.9226e-01 1.2193e-04
5.6752e-01 5.9291e-01 1.2193e-04
5.6780e-01 5.9360e-01 1.2193e-04
5.6742e-01 5.9327e-01 1.2193e-04
5.6669e-01 5.9237e-01 1.2193e-04
5.6594e-01 5.9138e-01 1.2193e-04
5.6535e-01 5.9063e-01 1.2193e-04
5.6494e-01 5.9014e-01 1.2193e-04
5.6484e-01 5.9024e-01 1.2193e-04
5.6471e-01 5.9028e-01 1.2193e-04
5.6479e-01 5.9068e-01 1.2193e-04
5.6504e-01 5.9143e-01 1.2193e-04
5.6527e-01 5.9218e-01 1.2193e-04
5.6502e-01 5.9214e-01 1.2193e-04
5.6446e-01 5.9156e-01 1.2193e-04
5.6399e-01 5.9105e-01 1.2193e-04
5.6365e-01 5.9057e-01 1.2193e-04
5.6331e-01 5.9030e-01 1.2193e-04
5.6307e-01 5.9031e-01 1.2193e-04
5.6311e-01 5.9066e-01 1.2193e-04
5.6322e-01 5.9092e-01 1.2193e-04
5.6346e-01 5.9136e-01 1.2193e-04
5.6364e-01 5.9184e-01 1.2193e-04
5.6335e-01 5.9163e-01 1.2193e-04
5.6273e-01 5.9067e-01 1.2193e-04
5.6231e-01 5.8997e-01 1.2193e-04
5.6203e-01 5.8951e-01 1.2193e-04
5.6171e-01 5.8932e-01 1.2193e-04
5.6142e-01 5.8921e-01 1.2193e-04
5.6112e-01 5.8889e-01 1.2193e-04
5.6065e-01 5.8820e-01 1.2193e-04
5.6042e-01 5.8755e-01 1.2193e-04
5.6037e-01 5.8732e-01 1.2193e-04
5.6006e-01 5.8706e-01 1.2193e-04
5.5996e-01 5.8734e-01 1.2193e-04
5.6042e-01 5.8831e-01 1.2193e-04
5.6072e-01 5.8895e-01 1.2193e-04
5.6109e-01 5.8942e-01 1.2193e-04
5.6105e-01 5.8952e-01 1.2193e-04
5.6022e-01 5.8877e-01 1.2193e-04
5.5969e-01 5.8823e-01 1.2193e-04
5.5964e-01 5.8816e-01 1.2193e-04
5.5899e-01 5.8746e-01 1.2193e-04
5.5844e-01 5.8679e-01 1.2193e-04
5.5840e-01 5.8685e-01 1.2193e-04
5.5812e-01 5.8666e-01 1.2193e-04
5.5766e-01 5.8652e-01 1.2193e-04
5.5776e-01 5.8696e-01 1.2193e-04
5.5791e-01 5.8711e-01 1.2193e-04
5.5728e-01 5.8640e-01 1.2193e-04
5.5641e-01 5.8523e-01 1.2193e-04
5.5637e-01 5.8489e-01 1.2193e-04
5.5641e-01 5.8495e-01 1.2193e-04
5.5608e-01 5.8494e-01 1.2193e-04
5.5648e-01 5.8603e-01 1.2193e-04
5.5713e-01 5.8728e-01 1.2193e-04
5.5722e-01 5.8769e-01 1.2193e-04
5.5730e-01 5.8772e-01 1.2193e-04
5.5735e-01 5.8762e-01 1.2193e-04
5.5674e-01 5.8701e-01 1.2193e-04
5.5590e-01 5.8625e-01 1.2193e-04
5.5613e-01 5.8661e-01 1.2193e-04
5.5646e-01 5.8686e-01 1.2193e-04
5.5596e-01 5.8633e-01 1.2193e-04
5.5511e-01 5.8542e-01 1.2193e-04
5.5583e-01 5.8610e-01 1.2193e-04
5.5685e-01 5.8725e-01 1.2193e-04
5.5665e-01 5.8733e-01 1.2193e-04
5.5585e-01 5.8684e-01 1.2193e-04
5.5547e-01 5.8650e-01 1.2193e-04
5.5487e-01 5.8567e-01 1.2193e-04
5.5388e-01 5.8427e-01 1.2193e-04
5.5337e-01 5.8337e-01 1.2193e-04
5.5339e-01 5.8313e-01 1.2193e-04
5.5296e-01 5.8272e-01 1.2193e-04
5.5282e-01 5.8286e-01 1.2193e-04
5.5312e-01 5.8355e-01 1.2193e-04
5.5341e-01 5.8400e-01 1.2193e-04
5.5323e-01 5.8365e-01 1.2193e-04
5.5318e-01 5.8342e-01 1.2193e-04
5.5302e-01 5.8323e-01 1.2193e-04
5.5278e-01 5.8309e-01 1.2193e-04
5.5252e-01 5.8294e-01 1.2193e-04
5.5246e-01 5.8283e-01 1.2193e-04
5.5199e-01 5.8258e-01 1.2193e-04
5.5170e-01 5.8267e-01 1.2193e-04
5.5193e-01 5.8314e-01 1.2193e-04
5.5164e-01 5.8277e-01 1.2193e-04
5.5137e-01 5.8246e-01 1.2193e-04
5.5084e-01 5.8189e-01 1.2193e-04
5.5051e-01 5.8155e-01 1.2193e-04
5.5033e-01 5.8139e-01 1.2193e-04
5.5010e-01 5.8140e-01 1.2193e-04
5.4993e-01 5.8169e-01 1.2193e-04
5.5022e-01 5.8248e-01 1.2193e-04
5.5054e-01 5.8299e-01 1.2193e-04
5.4996e-01 5.8228e-01 1.2193e-04
5.4884e-01 5.8093e-01 1.2193e-04
5.4808e-01 5.7977e-01 1.2193e-04
5.4741e-01 5.7898e-01 1.2193e-04
5.4729e-01 5.7906e-01 1.2193e-04
5.4727e-01 5.7896e-01 1.2193e-04
5.4713e-01 5.7874e-01 1.2193e-04
5.4736e-01 5.7928e-01 1.2193e-04
5.4797e-01 5.8034e-01 1.2193e-04
5.4805e-01 5.8055e-01 1.2193e-04
5.4726e-01 5.7959e-01 1.2193e-04
5.4660e-01 5.7854e-01 1.2193e-04
5.4640e-01 5.7818e-01 1.2193e-04
5.4583e-01 5.7776e-01 1.2193e-04
5.4539e-01 5.7782e-01 1.2193e-04
5.4553e-01 5.7859e-01 1.2193e-04
5.4578e-01 5.7930e-01 1.2193e-04
5.4563e-01 5.7927e-01 1.2193e-04
5.4548e-01 5.7912e-01 1.2193e-04
5.4512e-01 5.7869e-01 1.2193e-04
5.4489e-01 5.7818e-01 1.2193e-04
5.4486e-01 5.7794e-01 1.2193e-04
5.4456e-01 5.7746e-01 1.2193e-04
5.4416e-01 5.7735e-01 1.2193e-04
5.4421e-01 5.7752e-01 1.2193e-04
5.4430e-01 5.7792e-01 1.2193e-04
5.4386e-01 5.7744e-01 1.2193e-04
5.4352e-01 5.7706e-01 1.2193e-04
5.4304e-01 5.7647e-01 1.2193e-04
5.4272e-01 5.7600e-01 1.2193e-04
5.4238e-01 5.7567e-01 1.2193e-04
5.4194e-01 5.7559e-01 1.2193e-04
5.4194e-01 5.7633e-01 1.2193e-04
5.4242e-01 5.7748e-01 1.2193e-04
5.4246e-01 5.7769e-01 1.2193e-04
5.4227e-01 5.7730e-01 1.2193e-04
5.4175e-01 5.7667e-01 1.2193e-04
5.4042e-01 5.7535e-01 1.2193e-04
5.3946e-01 5.7457e-01 1.2193e-04
5.3945e-01 5.7491e-01 1.2193e-04
5.3914e-01 5.7460e-01 1.2193e-04
5.3879e-01 5.7415e-01 1.2193e-04
5.3861e-01 5.7346e-01 1.2193e-04
5.3880e-01 5.7317e-01 1.2193e-04
5.3869e-01 5.7314e-01 1.2193e-04
5.3796e-01 5.7299e-01 1.2193e-04
5.3819e-01 5.7387e-01 1.2193e-04
5.3948e-01 5.7565e-01 1.2193e-04
5.3958e-01 5.7574e-01 1.2193e-04
5.3842e-01 5.7412e-01 1.2193e-04
5.3761e-01 5.7252e-01 1.2193e-04
5.3789e-01 5.7238e-01 1.2193e-04
5.3744e-01 5.7199e-01 1.2193e-04
5.3687e-01 5.7183e-01 1.2193e-04
5.3741e-01 5.7285e-01 1.2193e-04
5.3761e-01 5.7308e-01 1.2193e-04
5.3688e-01 5.7224e-01 1.2193e-04
5.3576e-01 5.7061e-01 1.2193e-04
5.3589e-01 5.7025e-01 1.2193e-04
5.3623e-01 5.7059e-01 1.2193e-04
5.3555e-01 5.7035e-01 1.2193e-04
5.3492e-01 5.7049e-01 1.2193e-04
5.3497e-01 5.7122e-01 1.2193e-04
5.3491e-01 5.7162e-01 1.2193e-04
5.3517e-01 5.7199e-01 1.2193e-04
5.3547e-01 5.7183e-01 1.2193e-04
5.3516e-01 5.7135e-01 1.2193e-04
5.3436e-01 5.7066e-01 1.2193e-04
5.3408e-01 5.7085e-01 1.2193e-04
5.3417e-01 5.7136e-01 1.2193e-04
5.3382e-01 5.7103e-01 1.2193e-04
5.3380e-01 5.7105e-01 1.2193e-04
5.3335e-01 5.7051e-01 1.2193e-04
5.3257e-01 5.6976e-01 1.2193e-04
5.3203e-01 5.6895e-01 1.2193e-04
5.3187e-01 5.6817e-01 1.2193e-04
5.3140e-01 5.6747e-01 1.2193e-04
5.3094e-01 5.6728e-01 1.2193e-04
5.3246e-01 5.6936e-01 1.2193e-04
5.3405e-01 5.7145e-01 1.2193e-04
5.3370e-01 5.7129e-01 1.2193e-04
5.3160e-01 5.6893e-01 1.2193e-04
5.2993e-01 5.6646e-01 1.2193e-04
5.3072e-01 5.6638e-01 1.2193e-04
5.3160e-01 5.6698e-01 1.2193e-04
5.3081e-01 5.6666e-01 1.2193e-04
5.2940e-01 5.6628e-01 1.2193e-04
5.2997e-01 5.6804e-01 1.2193e-04
5.3173e-01 5.7050e-01 1.2193e-04
5.3185e-01 5.7082e-01 1.2193e-04
5.3001e-01 5.6871e-01 1.2193e-04
5.2840e-01 5.6640e-01 1.2193e-04
5.2877e-01 5.6626e-01 1.2193e-04
5.2896e-01 5.6652e-01 1.2193e-04
5.2848e-01 5.6667e-01 1.2193e-04
5.2926e-01 5.6839e-01 1.2193e-04
5.3014e-01 5.6972e-01 1.2193e-04
5.2936e-01 5.6888e-01 1.2193e-04
5.2790e-01 5.6699e-01 1.2193e-04
5.2761e-01 5.6608e-01 1.2193e-04
5.2745e-01 5.6574e-01 1.2193e-04
5.2650e-01 5.6517e-01 1.2193e-04
5.2634e-01 5.6568e-01 1.2193e-04
5.2729e-01 5.6702e-01 1.2193e-04
5.2714e-01 5.6682e-01 1.2193e-04
5.2592e-01 5.6509e-01 1.2193e-04
5.2498e-01 5.6378e-01 1.2193e-04
5.2472e-01 5.6338e-01 1.2193e-04
5.2502e-01 5.6388e-01 1.2193e-04
5.2503e-01 5.6414e-01 1.2193e-04
5.2561e-01 5.6511e-01 1.2193e-04
5.2684e-01 5.6645e-01 1.2193e-04
5.2703e-01 5.6680e-01 1.2193e-04
5.2574e-01 5.6546e-01 1.2193e-04
5.2491e-01 5.6459e-01 1.2193e-04
5.2494e-01 5.6481e-01 1.2193e-04
5.2445e-01 5.6462e-01 1.2193e-04
5.2389e-01 5.6449e-01 1.2193e-04
5.2409e-01 5.6459e-01 1.2193e-04
5.2397e-01 5.6412e-01 1.2193e-04
5.2301e-01 5.6304e-01 1.2193e-04
5.2164e-01 5.6174e-01 1.2193e-04
5.2127e-01 5.6138e-01 1.2193e-04
5.2099e-01 5.6079e-01 1.2193e-04
5.2067e-01 5.6045e-01 1.2193e-04
5.2148e-01 5.6152e-01 1.2193e-04
5.2269e-01 5.6277e-01 1.2193e-04
5.2238e-01 5.6245e-01 1.2193e-04
5.2084e-01 5.6072e-01 1.2193e-04
5.2047e-01 5.6016e-01 1.2193e-04
5.2110e-01 5.6099e-01 1.2193e-04
5.2087e-01 5.6103e-01 1.2193e-04
5.2012e-01 5.6048e-01 1.2193e-04
5.1974e-01 5.5981e-01 1.2193e-04
5.2131e-01 5.6086e-01 1.2193e-04
5.2214e-01 5.6156e-01 1.2193e-04
5.2094e-01 5.6074e-01 1.2193e-04
5.1904e-01 5.5962e-01 1.2193e-04
5.1841e-01 5.5939e-01 1.2193e-04
5.1876e-01 5.5996e-01 1.2193e-04
5.1841e-01 5.5979e-01 1.2193e-04
5.1736e-01 5.5870e-01 1.2193e-04
5.1740e-01 5.5865e-01 1.2193e-04
5.1776e-01 5.5912e-01 1.2193e-04
5.1760e-01 5.5919e-01 1.2193e-04
5.1633e-01 5.5804e-01 1.2193e-04
5.1580e-01 5.5749e-01 1.2193e-04
5.1586e-01 5.5746e-01 1.2193e-04
5.1565e-01 5.5742e-01 1.2193e-04
5.1571e-01 5.5756e-01 1.2193e-04
5.1550e-01 5.5714e-01 1.2193e-04
5.1518e-01 5.5633e-01 1.2193e-04
5.1469e-01 5.5568e-01 1.2193e-04
5.1442e-01 5.5576e-01 1.2193e-04
5.1442e-01 5.5619e-01 1.2193e-04
5.1408e-01 5.5606e-01 1.2193e-04
5.1360e-01 5.5565e-01 1.2193e-04
5.1339e-01 5.5526e-01 1.2193e-04
5.1299e-01 5.5474e-01 1.2193e-04
5.1294e-01 5.5497e-01 1.2193e-04
5.1252e-01 5.5458e-01 1.2193e-04
5.1245e-01 5.5423e-01 1.2193e-04
5.1211e-01 5.5422e-01 1.2193e-04
5.1189e-01 5.5490e-01 1.2193e-04
5.1205e-01 5.5577e-01 1.2193e-04
5.1170e-01 5.5573e-01 1.2193e-04
5.1080e-01 5.5455e-01 1.2193e-04
5.1097e-01 5.5404e-01 1.2193e-04
5.1067e-01 5.5370e-01 1.2193e-04
5.1035e-01 5.5396e-01 1.2193e-04
5.1014e-01 5.5374e-01 1.2193e-04
5.0957e-01 5.5340e-01 1.2193e-04
5.0883e-01 5.5245e-01 1.2193e-04
5.0855e-01 5.5203e-01 1.2193e-04
5.0854e-01 5.5219e-01 1.2193e-04
5.0873e-01 5.5218e-01 1.2193e-04
5.0868e-01 5.5152e-01 1.2193e-04
5.0814e-01 5.5075e-01 1.2193e-04
5.0730e-01 5.5010e-01 1.2193e-04
5.0717e-01 5.5051e-01 1.2193e-04
5.0755e-01 5.5110e-01 1.2193e-04
5.0694e-01 5.5036e-01 1.2193e-04
5.0650e-01 5.4937e-01 1.2193e-04
5.0741e-01 5.4967e-01 1.2193e-04
5.0730e-01 5.4980e-01 1.2193e-04
5.0646e-01 5.4972e-01 1.2193e-04
5.0659e-01 5.5060e-01 1.2193e-04
5.0626e-01 5.5063e-01 1.2193e-04
5.0494e-01 5.4913e-01 1.2193e-04
5.0441e-01 5.4844e-01 1.2193e-04
5.0454e-01 5.4835e-01 1.2193e-04
5.0473e-01 5.4873e-01 1.2193e-04
5.0588e-01 5.5042e-01 1.2193e-04
5.0624e-01 5.5118e-01 1.2193e-04
5.0453e-01 5.4957e-01 1.2193e-04
5.0298e-01 5.4758e-01 1.2193e-04
5.0340e-01 5.4727e-01 1.2193e-04
5.0301e-01 5.4679e-01 1.2193e-04
5.0190e-01 5.4609e-01 1.2193e-04
5.0360e-01 5.4842e-01 1.2193e-04
5.0473e-01 5.4949e-01 1.2193e-04
5.0319e-01 5.4750e-01 1.2193e-04
5.0175e-01 5.4528e-01 1.2193e-04
5.0155e-01 5.4472e-01 1.2193e-04
5.0087e-01 5.4439e-01 1.2193e-04
5.0056e-01 5.4498e-01 1.2193e-04
5.0147e-01 5.4634e-01 1.2193e-04
5.0157e-01 5.4656e-01 1.2193e-04
5.0042e-01 5.4506e-01 1.2193e-04
5.0060e-01 5.4453e-01 1.2193e-04
5.0090e-01 5.4488e-01 1.2193e-04
4.9955e-01 5.4451e-01 1.2193e-04
4.9948e-01 5.4558e-01 1.2193e-04
5.0017e-01 5.4667e-01 1.2193e-04
4.9962e-01 5.4597e-01 1.2193e-04
4.9936e-01 5.4507e-01 1.2193e-04
4.9948e-01 5.4483e-01 1.2193e-04
4.9859e-01 5.4426e-01 1.2193e-04
4.9830e-01 5.4487e-01 1.2193e-04
4.9910e-01 5.4615e-01 1.2193e-04
4.9813e-01 5.4497e-01 1.2193e-04
4.9728e-01 5.4339e-01 1.2193e-04
4.9819e-01 5.4356e-01 1.2193e-04
4.9838e-01 5.4369e-01 1.2193e-04
4.9822e-01 5.4418e-01 1.2193e-04
4.9794e-01 5.4434e-01 1.2193e-04
4.9668e-01 5.4305e-01 1.2193e-04
4.9656e-01 5.4266e-01 1.2193e-04
4.9662e-01 5.4285e-01 1.2193e-04
4.9608e-01 5.4229e-01 1.2193e-04
4.9614e-01 5.4217e-01 1.2193e-04
4.9633e-01 5.4191e-01 1.2193e-04
4.9610e-01 5.4165e-01 1.2193e-04
4.9515e-01 5.4095e-01 1.2193e-04
4.9486e-01 5.4102e-01 1.2193e-04
4.9467e-01 5.4089e-01 1.2193e-04
4.9410e-01 5.4018e-01 1.2193e-04
4.9348e-01 5.3953e-01 1.2193e-04
4.9384e-01 5.4013e-01 1.2193e-04
4.9485e-01 5.4119e-01 1.2193e-04
4.9428e-01 5.4045e-01 1.2193e-04
4.9328e-01 5.3934e-01 1.2193e-04
4.9299e-01 5.3928e-01 1.2193e-04
4.9281e-01 5.3917e-01 1.2193e-04
4.9277e-01 5.3964e-01 1.2193e-04
4.9253e-01 5.3952e-01 1.2193e-04
4.9230e-01 5.3919e-01 1.2193e-04
4.9218e-01 5.3862e-01 1.2193e-04
4.9132e-01 5.3787e-01 1.2193e-04
4.9060e-01 5.3793e-01 1.2193e-04
4.9099e-01 5.3878e-01 1.2193e-04
4.9014e-01 5.3782e-01 1.2193e-04
4.8921e-01 5.3633e-01 1.2193e-04
4.8925e-01 5.3638e-01 1.2193e-04
4.8949e-01 5.3713e-01 1.2193e-04
4.8933e-01 5.3718e-01 1.2193e-04
4.8864e-01 5.3640e-01 1.2193e-04
4.8820e-01 5.3613e-01 1.2193e-04
4.8839e-01 5.3708e-01 1.2193e-04
4.8827e-01 5.3716e-01 1.2193e-04
4.8726e-01 5.3574e-01 1.2193e-04
4.8747e-01 5.3497e-01 1.2193e-04
4.8748e-01 5.3486e-01 1.2193e-04
4.8770e-01 5.3564e-01 1.2193e-04
4.8724e-01 5.3520e-01 1.2193e-04
4.8613e-01 5.3361e-01 1.2193e-04
4.8558e-01 5.3334e-01 1.2193e-04
4.8553e-01 5.3352e-01 1.2193e-04
4.8567e-01 5.3358e-01 1.2193e-04
4.8541e-01 5.3324e-01 1.2193e-04
4.8502e-01 5.3315e-01 1.2193e-04
4.8547e-01 5.3410e-01 1.2193e-04
4.8457e-01 5.3316e-01 1.2193e-04
4.8410e-01 5.3224e-01 1.2193e-04
4.8385e-01 5.3194e-01 1.2193e-04
4.8409e-01 5.3257e-01 1.2193e-04
4.8366e-01 5.3237e-01 1.2193e-04
4.8251e-01 5.3117e-01 1.2193e-04
4.8236e-01 5.3100e-01 1.2193e-04
4.8178e-01 5.3097e-01 1.2193e-04
4.8217e-01 5.3182e-01 1.2193e-04
4.8191e-01 5.3139e-01 1.2193e-04
4.8152e-01 5.3048e-01 1.2193e-04
4.8223e-01 5.3096e-01 1.2193e-04
4.8216e-01 5.3140e-01 1.2193e-04
4.8204e-01 5.3167e-01 1.2193e-04
4.8125e-01 5.3106e-01 1.2193e-04
4.8118e-01 5.3142e-01 1.2193e-04
4.8149e-01 5.3160e-01 1.2193e-04
4.8116e-01 5.3156e-01 1.2193e-04
4.8029e-01 5.3066e-01 1.2193e-04
4.8083e-01 5.3144e-01 1.2193e-04
4.8083e-01 5.3123e-01 1.2193e-04
4.7991e-01 5.3018e-01 1.2193e-04
4.7863e-01 5.2891e-01 1.2193e-04
4.7874e-01 5.2877e-01 1.2193e-04
4.7918e-01 5.2883e-01 1.2193e-04
4.7804e-01 5.2814e-01 1.2193e-04
4.7923e-01 5.3010e-01 1.2193e-04
4.7995e-01 5.3075e-01 1.2193e-04
4.7828e-01 5.2841e-01 1.2193e-04
4.7909e-01 5.2792e-01 1.2193e-04
4.7980e-01 5.2828e-01 1.2193e-04
4.7749e-01 5.2669e-01 1.2193e-04
4.7661e-01 5.2693e-01 1.2193e-04
4.7706e-01 5.2754e-01 1.2193e-04
4.7590e-01 5.2590e-01 1.2193e-04
4.7627e-01 5.2552e-01 1.2193e-04
4.7603e-01 5.2536e-01 1.2193e-04
4.7610e-01 5.2633e-01 1.2193e-04
4.7605e-01 5.2673e-01 1.2193e-04
4.7486e-01 5.2533e-01 1.2193e-04
4.7668e-01 5.2617e-01 1.2193e-04
4.7735e-01 5.2673e-01 1.2193e-04
4.7495e-01 5.2523e-01 1.2193e-04
4.7568e-01 5.2740e-01 1.2193e-04
4.7733e-01 5.2932e-01 1.2193e-04
4.7526e-01 5.2687e-01 1.2193e-04
4.7392e-01 5.2423e-01 1.2193e-04
4.7432e-01 5.2421e-01 1.2193e-04
4.7347e-01 5.2392e-01 1.2193e-04
4.7514e-01 5.2675e-01 1.2193e-04
4.7570e-01 5.2752e-01 1.2193e-04
4.7334e-01 5.2470e-01 1.2193e-04
4.7405e-01 5.2413e-01 1.2193e-04
4.7512e-01 5.2499e-01 1.2193e-04
4.7313e-01 5.2392e-01 1.2193e-04
4.7315e-01 5.2533e-01 1.2193e-04
4.7463e-01 5.2739e-01 1.2193e-04
4.7301e-01 5.2571e-01 1.2193e-04
4.7151e-01 5.2337e-01 1.2193e-04
4.7178e-01 5.2306e-01 1.2193e-04
4.7123e-01 5.2273e-01 1.2193e-04
4.7303e-01 5.2519e-01 1.2193e-04
4.7327e-01 5.2537e-01 1.2193e-04
4.7090e-01 5.2253e-01 1.2193e-04
4.7047e-01 5.2106e-01 1.2193e-04
4.7103e-01 5.2134e-01 1.2193e-04
4.6950e-01 5.2054e-01 1.2193e-04
4.6938e-01 5.2099e-01 1.2193e-04
4.6953e-01 5.2099e-01 1.2193e-04
4.6912e-01 5.1997e-01 1.2193e-04
4.6900e-01 5.2011e-01 1.2193e-04
4.6893e-01 5.2061e-01 1.2193e-04
4.6846e-01 5.1990e-01 1.2193e-04
4.6878e-01 5.2037e-01 1.2193e-04
4.6862e-01 5.2111e-01 1.2193e-04
4.6862e-01 5.2142e-01 1.2193e-04
4.6847e-01 5.2126e-01 1.2193e-04
4.6854e-01 5.2157e-01 1.2193e-04
4.6834e-01 5.2152e-01 1.2193e-04
4.6761e-01 5.2032e-01 1.2193e-04
4.6702e-01 5.2001e-01 1.2193e-04
4.6744e-01 5.2093e-01 1.2193e-04
4.6666e-01 5.1970e-01 1.2193e-04
4.6604e-01 5.1875e-01 1.2193e-04
4.6613e-01 5.1820e-01 1.2193e-04
4.6572e-01 5.1795e-01 1.2193e-04
4.6533e-01 5.1796e-01 1.2193e-04
4.6495e-01 5.1762e-01 1.2193e-04
4.6450e-01 5.1662e-01 1.2193e-04
4.6444e-01 5.1626e-01 1.2193e-04
4.6447e-01 5.1661e-01 1.2193e-04
4.6484e-01 5.1710e-01 1.2193e-04
4.6464e-01 5.1709e-01 1.2193e-04
4.6398e-01 5.1664e-01 1.2193e-04
4.6445e-01 5.1678e-01 1.2193e-04
4.6406e-01 5.1695e-01 1.2193e-04
4.6398e-01 5.1739e-01 1.2193e-04
4.6347e-01 5.1653e-01 1.2193e-04
4.6328e-01 5.1581e-01 1.2193e-04
4.6334e-01 5.1557e-01 1.2193e-04
4.6234e-01 5.1514e-01 1.2193e-04
4.6407e-01 5.1779e-01 1.2193e-04
4.6501e-01 5.1885e-01 1.2193e-04
4.6232e-01 5.1572e-01 1.2193e-04
4.6240e-01 5.1438e-01 1.2193e-04
4.6349e-01 5.1504e-01 1.2193e-04
4.6159e-01 5.1386e-01 1.2193e-04
4.6217e-01 5.1551e-01 1.2193e-04
4.6289e-01 5.1640e-01 1.2193e-04
4.6090e-01 5.1396e-01 1.2193e-04
4.6232e-01 5.1391e-01 1.2193e-04
4.6369e-01 5.1487e-01 1.2193e-04
4.6105e-01 5.1314e-01 1.2193e-04
4.6000e-01 5.1375e-01 1.2193e-04
4.6120e-01 5.1534e-01 1.2193e-04
4.5963e-01 5.1357e-01 1.2193e-04
4.5932e-01 5.1248e-01 1.2193e-04
4.5976e-01 5.1296e-01 1.2193e-04
4.5838e-01 5.1254e-01 1.2193e-04
4.5947e-01 5.1467e-01 1.2193e-04
4.5940e-01 5.1486e-01 1.2193e-04
4.5803e-01 5.1312e-01 1.2193e-04
4.5800e-01 5.1251e-01 1.2193e-04
4.5790e-01 5.1227e-01 1.2193e-04
4.5843e-01 5.1317e-01 1.2193e-04
4.5819e-01 5.1301e-01 1.2193e-04
4.5705e-01 5.1170e-01 1.2193e-04
4.5957e-01 5.1291e-01 1.2193e-04
4.6038e-01 5.1334e-01 1.2193e-04
4.5753e-01 5.1118e-01 1.2193e-04
4.5744e-01 5.1195e-01 1.2193e-04
4.5820e-01 5.1273e-01 1.2193e-04
4.5694e-01 5.1107e-01 1.2193e-04
4.5705e-01 5.1057e-01 1.2193e-04
4.5627e-01 5.1005e-01 1.2193e-04
4.5537e-01 5.1008e-01 1.2193e-04
4.5519e-01 5.1000e-01 1.2193e-04
4.5503e-01 5.0927e-01 1.2193e-04
4.5480e-01 5.0915e-01 1.2193e-04
4.5462e-01 5.0984e-01 1.2193e-04
4.5534e-01 5.1101e-01 1.2193e-04
4.5432e-01 5.0974e-01 1.2193e-04
4.5521e-01 5.1004e-01 1.2193e-04
4.5496e-01 5.0999e-01 1.2193e-04
4.5438e-01 5.1008e-01 1.2193e-04
4.5419e-01 5.1023e-01 1.2193e-04
4.5368e-01 5.0931e-01 1.2193e-04
4.5369e-01 5.0912e-01 1.2193e-04
4.5387e-01 5.0902e-01 1.2193e-04
4.5420e-01 5.0983e-01 1.2193e-04
4.5401e-01 5.0955e-01 1.2193e-04
4.5355e-01 5.0853e-01 1.2193e-04
4.5313e-01 5.0831e-01 1.2193e-04
4.5296e-01 5.0868e-01 1.2193e-04
4.5218e-01 5.0791e-01 1.2193e-04
4.5151e-01 5.0720e-01 1.2193e-04
4.5110e-01 5.0750e-01 1.2193e-04
4.5089e-01 5.0769e-01 1.2193e-04
4.5052e-01 5.0719e-01 1.2193e-04
4.5026e-01 5.0731e-01 1.2193e-04
4.4968e-01 5.0655e-01 1.2193e-04
4.4948e-01 5.0581e-01 1.2193e-04
4.4941e-01 5.0546e-01 1.2193e-04
4.4962e-01 5.0614e-01 1.2193e-04
4.4927e-01 5.0561e-01 1.2193e-04
4.4877e-01 5.0467e-01 1.2193e-04
4.4898e-01 5.0429e-01 1.2193e-04
4.4867e-01 5.0414e-01 1.2193e-04
4.4915e-01 5.0526e-01 1.2193e-04
4.4856e-01 5.0436e-01 1.2193e-04
4.4946e-01 5.0396e-01 1.2193e-04
4.4971e-01 5.0392e-01 1.2193e-04
4.4825e-01 5.0317e-01 1.2193e-04
4.4939e-01 5.0521e-01 1.2193e-04
4.4878e-01 5.0466e-01 1.2193e-04
4.4719e-01 5.0229e-01 1.2193e-04
4.4689e-01 5.0216e-01 1.2193e-04
4.4696e-01 5.0309e-01 1.2193e-04
4.4634e-01 5.0262e-01 1.2193e-04
4.4574e-01 5.0176e-01 1.2193e-04
4.4655e-01 5.0216e-01 1.2193e-04
4.4556e-01 5.0173e-01 1.2193e-04
4.4728e-01 5.0448e-01 1.2193e-04
4.4784e-01 5.0500e-01 1.2193e-04
4.4574e-01 5.0230e-01 1.2193e-04
4.4861e-01 5.0352e-01 1.2193e-04
4.5055e-01 5.0496e-01 1.2193e-04
4.4713e-01 5.0227e-01 1.2193e-04
4.4539e-01 5.0195e-01 1.2193e-04
4.4696e-01 5.0387e-01 1.2193e-04
4.4539e-01 5.0211e-01 1.2193e-04
4.4506e-01 5.0063e-01 1.2193e-04
4.4562e-01 5.0096e-01 1.2193e-04
4.4423e-01 5.0039e-01 1.2193e-04
4.4622e-01 5.0348e-01 1.2193e-04
4.4697e-01 5.0447e-01 1.2193e-04
4.4426e-01 5.0141e-01 1.2193e-04
4.4551e-01 5.0136e-01 1.2193e-04
4.4729e-01 5.0278e-01 1.2193e-04
4.4473e-01 5.0106e-01 1.2193e-04
4.4487e-01 5.0243e-01 1.2193e-04
4.4653e-01 5.0444e-01 1.2193e-04
4.4403e-01 5.0172e-01 1.2193e-04
4.4318e-01 4.9968e-01 1.2193e-04
4.4448e-01 5.0048e-01 1.2193e-04
4.4257e-01 4.9913e-01 1.2193e-04
4.4329e-01 5.0096e-01 1.2193e-04
4.4443e-01 5.0213e-01 1.2193e-04
4.4234e-01 4.9942e-01 1.2193e-04
4.4220e-01 4.9816e-01 1.2193e-04
4.4222e-01 4.9807e-01 1.2193e-04
4.4112e-01 4.9774e-01 1.2193e-04
4.4142e-01 4.9825e-01 1.2193e-04
4.4103e-01 4.9757e-01 1.2193e-04
4.4089e-01 4.9756e-01 1.2193e-04
4.4116e-01 4.9811e-01 1.2193e-04
4.4110e-01 4.9823e-01 1.2193e-04
4.4121e-01 4.9860e-01 1.2193e-04
4.4136e-01 4.9816e-01 1.2193e-04
4.4127e-01 4.9822e-01 1.2193e-04
4.4188e-01 4.9924e-01 1.2193e-04
4.4111e-01 4.9843e-01 1.2193e-04
4.4038e-01 4.9739e-01 1.2193e-04
4.3995e-01 4.9718e-01 1.2193e-04
4.3966e-01 4.9733e-01 1.2193e-04
4.3984e-01 4.9795e-01 1.2193e-04
4.3939e-01 4.9747e-01 1.2193e-04
4.3872e-01 4.9676e-01 1.2193e-04
4.3840e-01 4.9686e-01 1.2193e-04
4.3852e-01 4.9663e-01 1.2193e-04
4.3859e-01 4.9710e-01 1.2193e-04
4.3936e-01 4.9845e-01 1.2193e-04
4.3879e-01 4.9742e-01 1.2193e-04
4.3896e-01 4.9777e-01 1.2193e-04
4.3865e-01 4.9792e-01 1.2193e-04
4.3829e-01 4.9748e-01 1.2193e-04
4.3825e-01 4.9695e-01 1.2193e-04
4.3841e-01 4.9710e-01 1.2193e-04
4.3810e-01 4.9606e-01 1.2193e-04
4.3774e-01 4.9548e-01 1.2193e-04
4.3738e-01 4.9574e-01 1.2193e-04
4.3680e-01 4.9525e-01 1.2193e-04
4.3632e-01 4.9441e-01 1.2193e-04
4.3624e-01 4.9457e-01 1.2193e-04
4.3602e-01 4.9369e-01 1.2193e-04
4.3557e-01 4.9328e-01 1.2193e-04
4.3521e-01 4.9245e-01 1.2193e-04
4.3498e-01 4.9194e-01 1.2193e-04
4.3548e-01 4.9297e-01 1.2193e-04
4.3555e-01 4.9283e-01 1.2193e-04
4.3469e-01 4.9147e-01 1.2193e-04
4.3454e-01 4.9192e-01 1.2193e-04
4.3578e-01 4.9437e-01 1.2193e-04
4.3530e-01 4.9436e-01 1.2193e-04
4.3458e-01 4.9334e-01 1.2193e-04
4.3460e-01 4.9355e-01 1.2193e-04
4.3341e-01 4.9316e-01 1.2193e-04
4.3306e-01 4.9283e-01 1.2193e-04
4.3295e-01 4.9213e-01 1.2193e-04
4.3333e-01 4.9277e-01 1.2193e-04
4.3325e-01 4.9276e-01 1.2193e-04
4.3283e-01 4.9216e-01 1.2193e-04
4.3396e-01 4.9264e-01 1.2193e-04
4.3272e-01 4.9184e-01 1.2193e-04
4.3388e-01 4.9412e-01 1.2193e-04
4.3459e-01 4.9491e-01 1.2193e-04
4.3298e-01 4.9311e-01 1.2193e-04
4.3386e-01 4.9318e-01 1.2193e-04
4.3359e-01 4.9293e-01 1.2193e-04
4.3186e-01 4.9193e-01 1.2193e-04
4.3207e-01 4.9205e-01 1.2193e-04
4.3189e-01 4.9193e-01 1.2193e-04
4.3159e-01 4.9105e-01 1.2193e-04
4.3110e-01 4.9055e-01 1.2193e-04
4.3121e-01 4.9145e-01 1.2193e-04
4.3080e-01 4.9143e-01 1.2193e-04
4.2949e-01 4.9019e-01 1.2193e-04
4.3182e-01 4.9185e-01 1.2193e-04
4.3179e-01 4.9197e-01 1.2193e-04
4.3024e-01 4.9132e-01 1.2193e-04
4.3102e-01 4.9241e-01 1.2193e-04
4.2945e-01 4.9043e-01 1.2193e-04
4.2887e-01 4.8870e-01 1.2193e-04
4.2912e-01 4.8831e-01 1.2193e-04
4.2881e-01 4.8852e-01 1.2193e-04
4.3177e-01 4.9229e-01 1.2193e-04
4.3147e-01 4.9196e-01 1.2193e-04
4.2904e-01 4.8901e-01 1.2193e-04
4.2981e-01 4.8950e-01 1.2193e-04
4.2899e-01 4.8921e-01 1.2193e-04
4.2813e-01 4.8949e-01 1.2193e-04
4.2884e-01 4.9052e-01 1.2193e-04
4.2765e-01 4.8898e-01 1.2193e-04
4.2835e-01 4.8854e-01 1.2193e-04
4.2792e-01 4.8772e-01 1.2193e-04
4.2842e-01 4.8880e-01 1.2193e-04
4.2943e-01 4.8974e-01 1.2193e-04
4.2799e-01 4.8755e-01 1.2193e-04
4.2894e-01 4.8803e-01 1.2193e-04
4.2816e-01 4.8799e-01 1.2193e-04
4.2607e-01 4.8731e-01 1.2193e-04
4.3012e-01 4.9247e-01 1.2193e-04
4.3097e-01 4.9349e-01 1.2193e-04
4.2674e-01 4.8864e-01 1.2193e-04
4.2853e-01 4.8857e-01 1.2193e-04
4.3168e-01 4.9085e-01 1.2193e-04
4.2825e-01 4.8808e-01 1.2193e-04
4.2636e-01 4.8788e-01 1.2193e-04
4.2826e-01 4.9023e-01 1.2193e-04
4.2628e-01 4.8767e-01 1.2193e-04
4.2675e-01 4.8671e-01 1.2193e-04
4.2744e-01 4.8742e-01 1.2193e-04
4.2526e-01 4.8646e-01 1.2193e-04
4.2990e-01 4.9237e-01 1.2193e-04
4.3318e-01 4.9572e-01 1.2193e-04
4.2865e-01 4.9097e-01 1.2193e-04
4.2546e-01 4.8676e-01 1.2193e-04
4.2794e-01 4.8836e-01 1.2193e-04
4.2639e-01 4.8704e-01 1.2193e-04
4.2489e-01 4.8653e-01 1.2193e-04
4.2532e-01 4.8701e-01 1.2193e-04
4.2430e-01 4.8509e-01 1.2193e-04
4.2410e-01 4.8486e-01 1.2193e-04
4.2456e-01 4.8483e-01 1.2193e-04
4.2348e-01 4.8446e-01 1.2193e-04
4.2334e-01 4.8528e-01 1.2193e-04
4.2337e-01 4.8531e-01 1.2193e-04
4.2420e-01 4.8566e-01 1.2193e-04
4.2392e-01 4.8545e-01 1.2193e-04
4.2453e-01 4.8670e-01 1.2193e-04
4.2442e-01 4.8661e-01 1.2193e-04
4.2269e-01 4.8427e-01 1.2193e-04
4.2432e-01 4.8532e-01 1.2193e-04
4.2368e-01 4.8485e-01 1.2193e-04
4.2279e-01 4.8507e-01 1.2193e-04
4.2380e-01 4.8670e-01 1.2193e-04
4.2277e-01 4.8546e-01 1.2193e-04
4.2426e-01 4.8574e-01 1.2193e-04
4.2509e-01 4.8619e-01 1.2193e-04
4.2343e-01 4.8517e-01 1.2193e-04
4.2411e-01 4.8635e-01 1.2193e-04
4.2312e-01 4.8510e-01 1.2193e-04
4.2366e-01 4.8468e-01 1.2193e-04
4.2463e-01 4.8542e-01 1.2193e-04
4.2262e-01 4.8404e-01 1.2193e-04
4.2225e-01 4.8418e-01 1.2193e-04
4.2148e-01 4.8323e-01 1.2193e-04
4.2165e-01 4.8343e-01 1.2193e-04
4.2141e-01 4.8281e-01 1.2193e-04
4.2093e-01 4.8248e-01 1.2193e-04
4.2079e-01 4.8258e-01 1.2193e-04
4.2028e-01 4.8156e-01 1.2193e-04
4.2012e-01 4.8166e-01 1.2193e-04
4.1997e-01 4.8185e-01 1.2193e-04
4.2040e-01 4.8272e-01 1.2193e-04
4.1989e-01 4.8145e-01 1.2193e-04
4.2003e-01 4.8185e-01 1.2193e-04
4.2055e-01 4.8276e-01 1.2193e-04
4.1969e-01 4.8132e-01 1.2193e-04
4.1973e-01 4.8125e-01 1.2193e-04
4.1925e-01 4.8155e-01 1.2193e-04
4.1913e-01 4.8166e-01 1.2193e-04
4.1907e-01 4.8189e-01 1.2193e-04
4.1830e-01 4.8043e-01 1.2193e-04
4.1855e-01 4.8043e-01 1.2193e-04
4.1758e-01 4.8015e-01 1.2193e-04
4.1891e-01 4.8273e-01 1.2193e-04
4.1811e-01 4.8202e-01 1.2193e-04
4.1700e-01 4.7992e-01 1.2193e-04
4.1725e-01 4.7990e-01 1.2193e-04
4.1613e-01 4.7970e-01 1.2193e-04
4.1990e-01 4.8422e-01 1.2193e-04
4.1972e-01 4.8394e-01 1.2193e-04
4.1617e-01 4.7977e-01 1.2193e-04
4.1889e-01 4.8103e-01 1.2193e-04
4.1974e-01 4.8138e-01 1.2193e-04
4.1600e-01 4.7809e-01 1.2193e-04
4.1610e-01 4.7874e-01 1.2193e-04
4.1603e-01 4.7874e-01 1.2193e-04
4.1577e-01 4.7780e-01 1.2193e-04
4.1576e-01 4.7798e-01 1.2193e-04
4.1556e-01 4.7888e-01 1.2193e-04
4.1600e-01 4.7982e-01 1.2193e-04
4.1430e-01 4.7779e-01 1.2193e-04
4.1507e-01 4.7784e-01 1.2193e-04
4.1462e-01 4.7759e-01 1.2193e-04
4.1527e-01 4.7921e-01 1.2193e-04
4.1496e-01 4.7889e-01 1.2193e-04
4.1426e-01 4.7734e-01 1.2193e-04
4.1519e-01 4.7819e-01 1.2193e-04
4.1420e-01 4.7817e-01 1.2193e-04
4.1816e-01 4.8298e-01 1.2193e-04
4.1915e-01 4.8387e-01 1.2193e-04
4.1540e-01 4.7943e-01 1.2193e-04
4.1862e-01 4.8114e-01 1.2193e-04
4.2244e-01 4.8459e-01 1.2193e-04
4.1852e-01 4.8159e-01 1.2193e-04
4.1505e-01 4.7959e-01 1.2193e-04
4.1599e-01 4.8105e-01 1.2193e-04
4.1426e-01 4.7901e-01 1.2193e-04
4.1383e-01 4.7807e-01 1.2193e-04
4.1345e-01 4.7786e-01 1.2193e-04
4.1365e-01 4.7846e-01 1.2193e-04
4.1324e-01 4.7824e-01 1.2193e-04
4.1349e-01 4.7788e-01 1.2193e-04
4.1355e-01 4.7819e-01 1.2193e-04
4.1377e-01 4.7941e-01 1.2193e-04
4.1388e-01 4.7962e-01 1.2193e-04
4.1385e-01 4.7871e-01 1.2193e-04
4.1375e-01 4.7827e-01 1.2193e-04
4.1217e-01 4.7720e-01 1.2193e-04
4.1401e-01 4.7928e-01 1.2193e-04
4.1332e-01 4.7809e-01 1.2193e-04
4.1354e-01 4.7689e-01 1.2193e-04
4.1401e-01 4.7738e-01 1.2193e-04
4.1165e-01 4.7634e-01 1.2193e-04
4.1343e-01 4.7980e-01 1.2193e-04
4.1392e-01 4.8073e-01 1.2193e-04
4.1273e-01 4.7905e-01 1.2193e-04
4.1284e-01 4.7911e-01 1.2193e-04
4.1151e-01 4.7749e-01 1.2193e-04
4.1256e-01 4.7877e-01 1.2193e-04
4.1406e-01 4.7971e-01 1.2193e-04
4.1335e-01 4.7766e-01 1.2193e-04
4.1367e-01 4.7731e-01 1.2193e-04
4.1213e-01 4.7653e-01 1.2193e-04
4.1159e-01 4.7776e-01 1.2193e-04
4.1131e-01 4.7838e-01 1.2193e-04
4.1138e-01 4.7868e-01 1.2193e-04
4.1189e-01 4.7975e-01 1.2193e-04
4.1199e-01 4.8050e-01 1.2193e-04
4.1300e-01 4.8138e-01 1.2193e-04
4.1101e-01 4.7877e-01 1.2193e-04
4.1015e-01 4.7737e-01 1.2193e-04
4.1124e-01 4.7761e-01 1.2193e-04
4.1071e-01 4.7728e-01 1.2193e-04
4.0989e-01 4.7732e-01 1.2193e-04
4.1017e-01 4.7792e-01 1.2193e-04
4.0911e-01 4.7672e-01 1.2193e-04
4.0931e-01 4.7675e-01 1.2193e-04
4.0943e-01 4.7675e-01 1.2193e-04
4.0888e-01 4.7577e-01 1.2193e-04
4.0905e-01 4.7591e-01 1.2193e-04
4.0848e-01 4.7462e-01 1.2193e-04
4.0835e-01 4.7471e-01 1.2193e-04
4.0828e-01 4.7481e-01 1.2193e-04
4.0764e-01 4.7498e-01 1.2193e-04
4.0981e-01 4.7808e-01 1.2193e-04
4.0999e-01 4.7835e-01 1.2193e-04
4.0988e-01 4.7758e-01 1.2193e-04
4.0981e-01 4.7764e-01 1.2193e-04
4.0845e-01 4.7713e-01 1.2193e-04
4.1082e-01 4.7991e-01 1.2193e-04
4.1011e-01 4.7895e-01 1.2193e-04
4.0760e-01 4.7520e-01 1.2193e-04
4.1030e-01 4.7654e-01 1.2193e-04
4.0975e-01 4.7571e-01 1.2193e-04
4.0793e-01 4.7469e-01 1.2193e-04
4.1393e-01 4.8164e-01 1.2193e-04
4.1585e-01 4.8364e-01 1.2193e-04
4.1030e-01 4.7802e-01 1.2193e-04
4.0916e-01 4.7575e-01 1.2193e-04
4.1173e-01 4.7777e-01 1.2193e-04
4.0867e-01 4.7535e-01 1.2193e-04
4.0821e-01 4.7610e-01 1.2193e-04
4.0962e-01 4.7776e-01 1.2193e-04
4.0665e-01 4.7428e-01 1.2193e-04
4.0727e-01 4.7366e-01 1.2193e-04
4.0849e-01 4.7417e-01 1.2193e-04
4.0585e-01 4.7225e-01 1.2193e-04
4.1004e-01 4.7770e-01 1.2193e-04
4.1323e-01 4.8102e-01 1.2193e-04
4.0844e-01 4.7626e-01 1.2193e-04
4.0585e-01 4.7299e-01 1.2193e-04
4.0844e-01 4.7519e-01 1.2193e-04
4.0644e-01 4.7383e-01 1.2193e-04
4.0658e-01 4.7475e-01 1.2193e-04
4.0750e-01 4.7579e-01 1.2193e-04
4.0549e-01 4.7343e-01 1.2193e-04
4.0528e-01 4.7299e-01 1.2193e-04
4.0585e-01 4.7363e-01 1.2193e-04
4.0539e-01 4.7302e-01 1.2193e-04
4.0565e-01 4.7396e-01 1.2193e-04
4.0537e-01 4.7415e-01 1.2193e-04
4.0546e-01 4.7454e-01 1.2193e-04
4.0513e-01 4.7495e-01 1.2193e-04
4.0482e-01 4.7479e-01 1.2193e-04
4.0554e-01 4.7558e-01 1.2193e-04
4.0551e-01 4.7617e-01 1.2193e-04
4.0629e-01 4.7693e-01 1.2193e-04
4.0524e-01 4.7497e-01 1.2193e-04
4.0526e-01 4.7349e-01 1.2193e-04
4.0521e-01 4.7278e-01 1.2193e-04
4.0589e-01 4.7379e-01 1.2193e-04
4.0591e-01 4.7395e-01 1.2193e-04
4.0462e-01 4.7253e-01 1.2193e-04
4.0409e-01 4.7282e-01 1.2193e-04
4.0360e-01 4.7348e-01 1.2193e-04
4.0472e-01 4.7573e-01 1.2193e-04
4.0507e-01 4.7607e-01 1.2193e-04
4.0594e-01 4.7577e-01 1.2193e-04
4.0563e-01 4.7528e-01 3.6578e-05
4.0437e-01 4.7406e-01 3.6578e-05
4.0342e-01 4.7320e-01 3.6578e-05
4.0385e-01 4.7365e-01 3.6578e-05
4.0442e-01 4.7405e-01 3.6578e-05
4.0404e-01 4.7329e-01 3.6578e-05
4.0323e-01 4.7200e-01 3.6578e-05
4.0310e-01 4.7151e-01 3.6578e-05
4.0318e-01 4.7155e-01 3.6578e-05
4.0285e-01 4.7151e-01 3.6578e-05
4.0239e-01 4.7160e-01 3.6578e-05
4.0248e-01 4.7226e-01 3.6578e-05
4.0238e-01 4.7253e-01 3.6578e-05
4.0192e-01 4.7220e-01 3.6578e-05
4.0175e-01 4.7189e-01 3.6578e-05
4.0188e-01 4.7195e-01 3.6578e-05
4.0159e-01 4.7173e-01 3.6578e-05
4.0135e-01 4.7148e-01 3.6578e-05
4.0134e-01 4.7165e-01 3.6578e-05
4.0176e-01 4.7215e-01 3.6578e-05
4.0165e-01 4.7184e-01 3.6578e-05
4.0136e-01 4.7128e-01 3.6578e-05
4.0148e-01 4.7119e-01 3.6578e-05
4.0153e-01 4.7133e-01 3.6578e-05
4.0123e-01 4.7125e-01 3.6578e-05
4.0108e-01 4.7129e-01 3.6578e-05
4.0097e-01 4.7140e-01 3.6578e-05
4.0091e-01 4.7134e-01 3.6578e-05
4.0084e-01 4.7112e-01 3.6578e-05
4.0103e-01 4.7112e-01 3.6578e-05
4.0105e-01 4.7121e-01 3.6578e-05
4.0118e-01 4.7136e-01 3.6578e-05
4.0090e-01 4.7125e-01 3.6578e-05
4.0081e-01 4.7120e-01 3.6578e-05
4.0089e-01 4.7123e-01 3.6578e-05
4.0105e-01 4.7122e-01 3.6578e-05
4.0080e-01 4.7067e-01 3.6578e-05
4.0054e-01 4.7001e-01 3.6578e-05
4.0049e-01 4.6982e-01 3.6578e-05
4.0041e-01 4.6983e-01 3.6578e-05
4.0020e-01 4.6975e-01 3.6578e-05
3.9999e-01 4.6961e-01 3.6578e-05
4.0012e-01 4.6977e-01 3.6578e-05
4.0011e-01 4.6999e-01 3.6578e-05
3.9994e-01 4.7003e-01 3.6578e-05
3.9991e-01 4.7021e-01 3.6578e-05
4.0014e-01 4.7072e-01 3.6578e-05
4.0036e-01 4.7105e-01 3.6578e-05
4.0020e-01 4.7089e-01 3.6578e-05
4.0004e-01 4.7058e-01 3.6578e-05
4.0015e-01 4.7048e-01 3.6578e-05
4.0026e-01 4.7049e-01 3.6578e-05
4.0014e-01 4.7041e-01 3.6578e-05
4.0002e-01 4.7050e-01 3.6578e-05
3.9994e-01 4.7054e-01 3.6578e-05
3.9986e-01 4.7041e-01 3.6578e-05
3.9970e-01 4.7002e-01 3.6578e-05
3.9968e-01 4.6989e-01 3.6578e-05
3.9974e-01 4.7009e-01 3.6578e-05
3.9984e-01 4.7029e-01 3.6578e-05
3.9964e-01 4.7022e-01 3.6578e-05
3.9947e-01 4.7011e-01 3.6578e-05
3.9959e-01 4.7024e-01 3.6578e-05
3.9949e-01 4.7023e-01 3.6578e-05
3.9936e-01 4.7023e-01 3.6578e-05
3.9949e-01 4.7043e-01 3.6578e-05
3.9936e-01 4.7011e-01 3.6578e-05
3.9906e-01 4.6946e-01 3.6578e-05
3.9897e-01 4.6929e-01 3.6578e-05
3.9870e-01 4.6921e-01 3.6578e-05
3.9845e-01 4.6923e-01 3.6578e-05
3.9836e-01 4.6920e-01 3.6578e-05
3.9830e-01 4.6908e-01 3.6578e-05
3.9837e-01 4.6903e-01 3.6578e-05
3.9842e-01 4.6906e-01 3.6578e-05
3.9856e-01 4.6939e-01 3.6578e-05
3.9851e-01 4.6931e-01 3.6578e-05
3.9837e-01 4.6894e-01 3.6578e-05
3.9843e-01 4.6892e-01 3.6578e-05
3.9840e-01 4.6888e-01 3.6578e-05
3.9831e-01 4.6876e-01 3.6578e-05
3.9810e-01 4.6879e-01 3.6578e-05
3.9814e-01 4.6906e-01 3.6578e-05
3.9806e-01 4.6915e-01 3.6578e-05
3.9773e-01 4.6886e-01 3.6578e-05
3.9763e-01 4.6893e-01 3.6578e-05
3.9762e-01 4.6921e-01 3.6578e-05
3.9765e-01 4.6944e-01 3.6578e-05
3.9773e-01 4.6969e-01 3.6578e-05
3.9786e-01 4.6975e-01 3.6578e-05
3.9778e-01 4.6940e-01 3.6578e-05
3.9778e-01 4.6916e-01 3.6578e-05
3.9791e-01 4.6916e-01 3.6578e-05
3.9802e-01 4.6899e-01 3.6578e-05
3.9810e-01 4.6906e-01 3.6578e-05
3.9796e-01 4.6890e-01 3.6578e-05
3.9772e-01 4.6885e-01 3.6578e-05
3.9748e-01 4.6877e-01 3.6578e-05
3.9734e-01 4.6900e-01 3.6578e-05
3.9731e-01 4.6923e-01 3.6578e-05
3.9738e-01 4.6938e-01 3.6578e-05
3.9733e-01 4.6946e-01 3.6578e-05
3.9727e-01 4.6954e-01 3.6578e-05
3.9717e-01 4.6938e-01 3.6578e-05
3.9711e-01 4.6934e-01 3.6578e-05
3.9712e-01 4.6931e-01 3.6578e-05
3.9729e-01 4.6934e-01 3.6578e-05
3.9710e-01 4.6884e-01 3.6578e-05
3.9690e-01 4.6837e-01 3.6578e-05
3.9673e-01 4.6824e-01 3.6578e-05
3.9655e-01 4.6835e-01 3.6578e-05
3.9643e-01 4.6824e-01 3.6578e-05
3.9659e-01 4.6842e-01 3.6578e-05
3.9654e-01 4.6870e-01 3.6578e-05
3.9643e-01 4.6907e-01 3.6578e-05
3.9660e-01 4.6955e-01 3.6578e-05
3.9654e-01 4.6952e-01 3.6578e-05
3.9641e-01 4.6934e-01 3.6578e-05
3.9661e-01 4.6927e-01 3.6578e-05
3.9723e-01 4.6964e-01 3.6578e-05
3.9716e-01 4.6957e-01 3.6578e-05
3.9639e-01 4.6898e-01 3.6578e-05
3.9611e-01 4.6885e-01 3.6578e-05
3.9630e-01 4.6907e-01 3.6578e-05
3.9625e-01 4.6901e-01 3.6578e-05
3.9580e-01 4.6853e-01 3.6578e-05
3.9567e-01 4.6824e-01 3.6578e-05
3.9595e-01 4.6841e-01 3.6578e-05
3.9577e-01 4.6838e-01 3.6578e-05
3.9544e-01 4.6841e-01 3.6578e-05
3.9548e-01 4.6863e-01 3.6578e-05
3.9544e-01 4.6858e-01 3.6578e-05
3.9561e-01 4.6855e-01 3.6578e-05
3.9556e-01 4.6855e-01 3.6578e-05
3.9539e-01 4.6857e-01 3.6578e-05
3.9584e-01 4.6927e-01 3.6578e-05
3.9643e-01 4.6991e-01 3.6578e-05
3.9622e-01 4.6966e-01 3.6578e-05
3.9566e-01 4.6892e-01 3.6578e-05
3.9553e-01 4.6853e-01 3.6578e-05
3.9554e-01 4.6828e-01 3.6578e-05
3.9552e-01 4.6828e-01 1.0973e-05
3.9548e-01 4.6829e-01 1.0973e-05
3.9544e-01 4.6828e-01 1.0973e-05
3.9539e-01 4.6830e-01 1.0973e-05
3.9537e-01 4.6824e-01 1.0973e-05
3.9533e-01 4.6824e-01 1.0973e-05
3.9526e-01 4.6827e-01 1.0973e-05
3.9521e-01 4.6829e-01 1.0973e-05
3.9515e-01 4.6835e-01 1.0973e-05
3.9511e-01 4.6833e-01 1.0973e-05
3.9506e-01 4.6828e-01 1.0973e-05
3.9499e-01 4.6820e-01 1.0973e-05
3.9490e-01 4.6818e-01 1.0973e-05
3.9482e-01 4.6815e-01 1.0973e-05
3.9474e-01 4.6816e-01 1.0973e-05
3.9464e-01 4.6816e-01 1.0973e-05
3.9458e-01 4.6822e-01 1.0973e-05
3.9460e-01 4.6833e-01 1.0973e-05
3.9475e-01 4.6854e-01 1.0973e-05
3.9485e-01 4.6865e-01 1.0973e-05
3.9482e-01 4.6863e-01 1.0973e-05
3.9466e-01 4.6846e-01 1.0973e-05
3.9448e-01 4.6822e-01 1.0973e-05
3.9440e-01 4.6811e-01 1.0973e-05
3.9436e-01 4.6798e-01 1.0973e-05
3.9445e-01 4.6793e-01 1.0973e-05
3.9449e-01 4.6791e-01 1.0973e-05
3.9445e-01 4.6789e-01 1.0973e-05
3.9437e-01 4.6792e-01 1.0973e-05
3.9433e-01 4.6802e-01 1.0973e-05
3.9436e-01 4.6821e-01 1.0973e-05
3.9447e-01 4.6848e-01 1.0973e-05
3.9463e-01 4.6881e-01 1.0973e-05
3.9467e-01 4.6893e-01 1.0973e-05
3.9465e-01 4.6896e-01 1.0973e-05
3.9451e-01 4.6880e-01 1.0973e-05
3.9437e-01 4.6860e-01 1.0973e-05
3.9431e-01 4.6847e-01 1.0973e-05
3.9431e-01 4.6842e-01 1.0973e-05
3.9432e-01 4.6831e-01 1.0973e-05
3.9436e-01 4.6818e-01 1.0973e-05
3.9435e-01 4.6803e-01 1.0973e-05
3.9432e-01 4.6790e-01 1.0973e-05
3.9426e-01 4.6782e-01 1.0973e-05
3.9427e-01 4.6785e-01 1.0973e-05
3.9427e-01 4.6786e-01 1.0973e-05
3.9433e-01 4.6798e-01 1.0973e-05
3.9440e-01 4.6812e-01 1.0973e-05
3.9436e-01 4.6812e-01 1.0973e-05
3.9434e-01 4.6811e-01 1.0973e-05
3.9433e-01 4.6810e-01 1.0973e-05
3.9433e-01 4.6812e-01 1.0973e-05
3.9431e-01 4.6812e-01 1.0973e-05
3.9432e-01 4.6818e-01 1.0973e-05
3.9429e-01 4.6820e-01 1.0973e-05
3.9426e-01 4.6820e-01 1.0973e-05
3.9421e-01 4.6814e-01 1.0973e-05
3.9420e-01 4.6812e-01 1.0973e-05
3.9421e-01 4.6807e-01 1.0973e-05
3.9428e-01 4.6806e-01 1.0973e-05
3.9434e-01 4.6800e-01 1.0973e-05
3.9428e-01 4.6791e-01 1.0973e-05
3.9420e-01 4.6784e-01 1.0973e-05
3.9409e-01 4.6774e-01 1.0973e-05
3.9403e-01 4.6773e-01 1.0973e-05
3.9413e-01 4.6787e-01 1.0973e-05
3.9431e-01 4.6808e-01 1.0973e-05
3.9439e-01 4.6812e-01 1.0973e-05
3.9427e-01 4.6794e-01 1.0973e-05
3.9408e-01 4.6769e-01 1.0973e-05
3.9387e-01 4.6738e-01 1.0973e-05
3.9380e-01 4.6718e-01 1.0973e-05
3.9394e-01 4.6722e-01 1.0973e-05
3.9408e-01 4.6733e-01 1.0973e-05
3.9409e-01 4.6739e-01 1.0973e-05
3.9397e-01 4.6737e-01 1.0973e-05
3.9390e-01 4.6738e-01 1.0973e-05
3.9379e-01 4.6741e-01 1.0973e-05
3.9373e-01 4.6752e-01 1.0973e-05
3.9375e-01 4.6766e-01 1.0973e-05
3.9375e-01 4.6770e-01 1.0973e-05
3.9371e-01 4.6763e-01 1.0973e-05
3.9362e-01 4.6751e-01 1.0973e-05
3.9356e-01 4.6742e-01 1.0973e-05
3.9353e-01 4.6732e-01 1.0973e-05
3.9353e-01 4.6726e-01 1.0973e-05
3.9350e-01 4.6724e-01 1.0973e-05
3.9344e-01 4.6727e-01 1.0973e-05
3.9340e-01 4.6728e-01 1.0973e-05
3.9339e-01 4.6732e-01 1.0973e-05
3.9340e-01 4.6732e-01 1.0973e-05
3.9340e-01 4.6722e-01 1.0973e-05
3.9339e-01 4.6714e-01 1.0973e-05
3.9339e-01 4.6701e-01 1.0973e-05
3.9346e-01 4.6694e-01 1.0973e-05
3.9350e-01 4.6693e-01 1.0973e-05
3.9348e-01 4.6690e-01 1.0973e-05
3.9340e-01 4.6688e-01 1.0973e-05
3.9335e-01 4.6689e-01 1.0973e-05
3.9337e-01 4.6700e-01 1.0973e-05
3.9344e-01 4.6714e-01 1.0973e-05
3.9354e-01 4.6728e-01 1.0973e-05
3.9358e-01 4.6730e-01 1.0973e-05
3.9351e-01 4.6719e-01 1.0973e-05
3.9340e-01 4.6700e-01 1.0973e-05
3.9338e-01 4.6695e-01 1.0973e-05
3.9339e-01 4.6697e-01 1.0973e-05
3.9341e-01 4.6697e-01 1.0973e-05
3.9345e-01 4.6704e-01 1.0973e-05
3.9347e-01 4.6716e-01 1.0973e-05
3.9346e-01 4.6720e-01 1.0973e-05
3.9343e-01 4.6726e-01 1.0973e-05
3.9340e-01 4.6726e-01 1.0973e-05
3.9338e-01 4.6730e-01 1.0973e-05
3.9346e-01 4.6742e-01 1.0973e-05
3.9350e-01 4.6743e-01 1.0973e-05
3.9350e-01 4.6739e-01 1.0973e-05
3.9340e-01 4.6721e-01 1.0973e-05
3.9329e-01 4.6695e-01 1.0973e-05
3.9326e-01 4.6680e-01 1.0973e-05
3.9324e-01 4.6661e-01 1.0973e-05
3.9329e-01 4.6649e-01 1.0973e-05
3.9339e-01 4.6640e-01 1.0973e-05
3.9344e-01 4.6635e-01 1.0973e-05
3.9339e-01 4.6630e-01 1.0973e-05
3.9332e-01 4.6631e-01 1.0973e-05
3.9326e-01 4.6640e-01 1.0973e-05
3.9327e-01 4.6661e-01 1.0973e-05
3.9328e-01 4.6676e-01 1.0973e-05
3.9323e-01 4.6684e-01 1.0973e-05
3.9313e-01 4.6687e-01 1.0973e-05
3.9304e-01 4.6684e-01 1.0973e-05
3.9300e-01 4.6689e-01 1.0973e-05
3.9302e-01 4.6698e-01 1.0973e-05
3.9302e-01 4.6708e-01 1.0973e-05
3.9297e-01 4.6718e-01 1.0973e-05
3.9294e-01 4.6733e-01 1.0973e-05
3.9294e-01 4.6745e-01 1.0973e-05
3.9291e-01 4.6746e-01 1.0973e-05
3.9289e-01 4.6746e-01 1.0973e-05
3.9287e-01 4.6751e-01 1.0973e-05
3.9286e-01 4.6750e-01 1.0973e-05
3.9286e-01 4.6753e-01 1.0973e-05
3.9289e-01 4.6750e-01 1.0973e-05
3.9294e-01 4.6748e-01 1.0973e-05
3.9294e-01 4.6748e-01 1.0973e-05
3.9291e-01 4.6745e-01 1.0973e-05
3.9286e-01 4.6738e-01 1.0973e-05
3.9285e-01 4.6730e-01 1.0973e-05
3.9290e-01 4.6735e-01 1.0973e-05
3.9299e-01 4.6740e-01 1.0973e-05
3.9299e-01 4.6733e-01 1.0973e-05
3.9293e-01 4.6721e-01 1.0973e-05
3.9286e-01 4.6714e-01 1.0973e-05
3.9282e-01 4.6710e-01 1.0973e-05
3.9277e-01 4.6699e-01 1.0973e-05
3.9275e-01 4.6696e-01 3.2920e-06
3.9275e-01 4.6694e-01 3.2920e-06
3.9274e-01 4.6694e-01 3.2920e-06
3.9272e-01 4.6695e-01 3.2920e-06
3.9271e-01 4.6698e-01 3.2920e-06
3.9270e-01 4.6699e-01 3.2920e-06
3.9269e-01 4.6699e-01 3.2920e-06
3.9267e-01 4.6700e-01 3.2920e-06
3.9265e-01 4.6702e-01 3.2920e-06
3.9263e-01 4.6704e-01 3.2920e-06
3.9262e-01 4.6707e-01 3.2920e-06
3.9261e-01 4.6710e-01 3.2920e-06
3.9260e-01 4.6715e-01 3.2920e-06
3.9260e-01 4.6719e-01 3.2920e-06
3.9259e-01 4.6721e-01 3.2920e-06
3.9259e-01 4.6726e-01 3.2920e-06
3.9259e-01 4.6731e-01 3.2920e-06
3.9259e-01 4.6735e-01 3.2920e-06
3.9261e-01 4.6741e-01 3.2920e-06
3.9262e-01 4.6744e-01 3.2920e-06
3.9262e-01 4.6745e-01 3.2920e-06
3.9263e-01 4.6749e-01 3.2920e-06
3.9262e-01 4.6748e-01 3.2920e-06
3.9258e-01 4.6744e-01 3.2920e-06
3.9253e-01 4.6737e-01 3.2920e-06
3.9250e-01 4.6732e-01 3.2920e-06
3.9246e-01 4.6726e-01 3.2920e-06
3.9244e-01 4.6722e-01 3.2920e-06
3.9242e-01 4.6719e-01 3.2920e-06
3.9241e-01 4.6716e-01 3.2920e-06
3.9240e-01 4.6715e-01 3.2920e-06
3.9239e-01 4.6716e-01 9.8759e-07
3.9239e-01 4.6716e-01 9.8759e-07
3.9239e-01 4.6716e-01 9.8759e-07
3.9238e-01 4.6716e-01 9.8759e-07
3.9238e-01 4.6716e-01 9.8759e-07
3.9237e-01 4.6715e-01 9.8759e-07
3.9237e-01 4.6715e-01 9.8759e-07
3.9236e-01 4.6715e-01 9.8759e-07
3.9236e-01 4.6714e-01 9.8759e-07
3.9235e-01 4.6714e-01 9.8759e-07
3.9235e-01 4.6713e-01 9.8759e-07
3.9235e-01 4.6713e-01 9.8759e-07
3.9234e-01 4.6712e-01 9.8759e-07
3.9234e-01 4.6712e-01 9.8759e-07
3.9234e-01 4.6711e-01 9.8759e-07
3.9233e-01 4.6710e-01 9.8759e-07
3.9233e-01 4.6710e-01 9.8759e-07
3.9233e-01 4.6710e-01 9.8759e-07
3.9232e-01 4.6710e-01 9.8759e-07
3.9232e-01 4.6710e-01 9.8759e-07
3.9232e-01 4.6710e-01 9.8759e-07
3.9231e-01 4.6710e-01 9.8759e-07
3.9231e-01 4.6709e-01 9.8759e-07
3.9230e-01 4.6709e-01 9.8759e-07
3.9230e-01 4.6709e-01 9.8759e-07
3.9229e-01 4.6710e-01 9.8759e-07
3.9229e-01 4.6710e-01 9.8759e-07
3.9229e-01 4.6711e-01 9.8759e-07
3.9229e-01 4.6711e-01 9.8759e-07
3.9228e-01 4.6711e-01 9.8759e-07
3.9228e-01 4.6711e-01 9.8759e-07
3.9228e-01 4.6711e-01 2.9628e-07
3.9228e-01 4.6711e-01 2.9628e-07
3.9228e-01 4.6711e-01 2.9628e-07
3.9228e-01 4.6710e-01 2.9628e-07
3.9228e-01 4.6710e-01 2.9628e-07
3.9228e-01 4.6709e-01 2.9628e-07
3.9227e-01 4.6709e-01 2.9628e-07
3.9227e-01 4.6708e-01 2.9628e-07
3.9227e-01 4.6708e-01 2.9628e-07
3.9227e-01 4.6708e-01 2.9628e-07
3.9227e-01 4.6707e-01 2.9628e-07
3.9227e-01 4.6707e-01 2.9628e-07
3.9227e-01 4.6707e-01 2.9628e-07
3.9227e-01 4.6706e-01 2.9628e-07
3.9227e-01 4.6706e-01 2.9628e-07
3.9227e-01 4.6706e-01 2.9628e-07
3.9227e-01 4.6706e-01 2.9628e-07
3.9227e-01 4.6706e-01 2.9628e-07
3.9227e-01 4.6706e-01 2.9628e-07
3.9227e-01 4.6706e-01 2.9628e-07
3.9227e-01 4.6706e-01 2.9628e-07
3.9227e-01 4.6706e-01 2.9628e-07
3.9227e-01 4.6706e-01 2.9628e-07
3.9227e-01 4.6705e-01 2.9628e-07
3.9227e-01 4.6705e-01 2.9628e-07
3.9227e-01 4.6705e-01 2.9628e-07
3.9227e-01 4.6705e-01 2.9628e-07
3.9227e-01 4.6705e-01 2.9628e-07
3.9227e-01 4.6705e-01 2.9628e-07
3.9227e-01 4.6705e-01 2.9628e-07
3.9227e-01 4.6705e-01 2.9628e-07
3.9227e-01 4.6705e-01 8.8883e-08
3.9227e-01 4.6705e-01 8.8883e-08
3.9227e-01 4.6705e-01 8.8883e-08
3.9227e-01 4.6705e-01 8.8883e-08
3.9227e-01 4.6705e-01 8.8883e-08
3.9227e-01 4.6705e-01 8.8883e-08
3.9227e-01 4.6705e-01 8.8883e-08
3.9227e-01 4.6705e-01 8.8883e-08
3.9227e-01 4.6705e-01 8.8883e-08
3.9227e-01 4.6705e-01 8.8883e-08
3.9227e-01 4.6705e-01 8.8883e-08
3.9227e-01 4.6705e-01 8.8883e-08
3.9227e-01 4.6705e-01 8.8883e-08
3.9227e-01 4.6705e-01 8.8883e-08
3.9227e-01 4.6705e-01 8.8883e-08
3.9227e-01 4.6705e-01 8.8883e-08
3.9227e-01 4.6705e-01 8.8883e-08
3.9227e-01 4.6705e-01 8.8883e-08
3.9227e-01 4.6705e-01 8.8883e-08
3.9227e-01 4.6705e-01 8.8883e-08
3.9227e-01 4.6705e-01 8.8883e-08
3.9227e-01 4.6706e-01 8.8883e-08
3.9227e-01 4.6706e-01 8.8883e-08
3.9227e-01 4.6706e-01 8.8883e-08
3.9227e-01 4.6706e-01 8.8883e-08
3.9227e-01 4.6706e-01 8.8883e-08
3.9227e-01 4.6706e-01 8.8883e-08
3.9227e-01 4.6706e-01 8.8883e-08
3.9227e-01 4.6706e-01 8.8883e-08
3.9227e-01 4.6706e-01 8.8883e-08
3.9227e-01 4.6706e-01 8.8883e-08
3.9227e-01 4.6706e-01 2.6665e-08
3.9227e-01 4.6706e-01 2.6665e-08
3.9227e-01 4.6706e-01 2.6665e-08
3.9227e-01 4.6706e-01 2.6665e-08
3.9227e-01 4.6706e-01 2.6665e-08
3.9227e-01 4.6706e-01 2.6665e-08
3.9227e-01 4.6706e-01 2.6665e-08
3.9227e-01 4.6706e-01 2.6665e-08
3.9227e-01 4.6706e-01 2.6665e-08
3.9227e-01 4.6706e-01 2.6665e-08
3.9227e-01 4.6706e-01 2.6665e-08
3.9227e-01 4.6706e-01 2.6665e-08
3.9227e-01 4.6705e-01 2.6665e-08
3.9227e-01 4.6705e-01 2.6665e-08
3.9227e-01 4.6705e-01 2.6665e-08
3.9227e-01 4.6705e-01 2.6665e-08
3.9227e-01 4.6705e-01 2.6665e-08
3.9227e-01 4.6705e-01 2.6665e-08
3.9227e-01 4.6705e-01 2.6665e-08
3.9227e-01 4.6705e-01 2.6665e-08
3.9227e-01 4.6705e-01 2.6665e-08
3.9227e-01 4.6705e-01 2.6665e-08
3.9227e-01 4.6705e-01 2.6665e-08
3.9227e-01 4.6705e-01 2.6665e-08
3.9227e-01 4.6705e-01 2.6665e-08
3.9227e-01 4.6705e-01 2.6665e-08
3.9227e-01 4.6705e-01 2.6665e-08
3.9227e-01 4.6705e-01 2.6665e-08
3.9227e-01 4.6705e-01 2.6665e-08
3.9227e-01 4.6705e-01 2.6665e-08
3.9227e-01 4.6705e-01 2.6665e-08
3.9227e-01 4.6705e-01 1.0000e-08
3.9227e-01 4.6705e-01 1.0000e-08
3.9227e-01 4.6705e-01 1.0000e-08
3.9227e-01 4.6705e-01 1.0000e-08
3.9227e-01 4.6705e-01 1.0000e-08
3.9227e-01 4.6705e-01 1.0000e-08
3.9227e-01 4.6705e-01 1.0000e-08
3.9227e-01 4.6705e-01 1.0000e-08
3.9227e-01 4.6705e-01 1.0000e-08
3.9227e-01 4.6705e-01 1.0000e-08
3.9227e-01 4.6705e-01 1.0000e-08
3.9227e-01 4.6705e-01 1.0000e-08
3.9226e-01 4.6705e-01 1.0000e-08
3.9226e-01 4.6705e-01 1.0000e-08
3.9226e-01 4.6705e-01 1.0000e-08
3.9226e-01 4.6705e-01 1.0000e-08
3.9226e-01 4.6705e-01 1.0000e-08
3.9226e-01 4.6705e-01 1.0000e-08
3.9226e-01 4.6705e-01 1.0000e-08
3.9226e-01 4.6705e-01 1.0000e-08
3.9226e-01 4.6705e-01 1.0000e-08
3.9226e-01 4.6705e-01 1.0000e-08
3.9226e-01 4.6705e-01 1.0000e-08
3.9226e-01 4.6705e-01 1.0000e-08
3.9226e-01 4.6705e-01 1.0000e-08
3.9226e-01 4.6705e-01 1.0000e-08
3.9226e-01 4.6705e-01 1.0000e-08
3.9226e-01 4.6705e-01 1.0000e-08
3.9226e-01 4.6705e-01 1.0000e-08
3.9226e-01 4.6705e-01 1.0000e-08
3.9226e-01 4.6704e-01 1.0000e-08
3.9226e-01 4.6704e-01 1.0000e-08
3.9226e-01 4.6704e-01 1.0000e-08
3.9226e-01 4.6704e-01 1.0000e-08
3.9226e-01 4.6704e-01 1.0000e-08
3.9226e-01 4.6704e-01 1.0000e-08
3.9226e-01 4.6704e-01 1.0000e-08
3.9226e-01 4.6704e-01 1.0000e-08
3.9226e-01 4.6704e-01 1.0000e-08
3.9226e-01 4.6704e-01 1.0000e-08
3.9226e-01 4.6704e-01 1.0000e-08
3.9226e-01 4.6704e-01 1.0000e-08
3.9226e-01 4.6704e-01 1.0000e-08
3.9226e-01 4.6704e-01 1.0000e-08
3.9226e-01 4.6704e-01 1.0000e-08
3.9226e-01 4.6704e-01 1.0000e-08
3.9226e-01 4.6704e-01 1.0000e-08
3.9226e-01 4.6704e-01 1.0000e-08
3.9226e-01 4.6704e-01 1.0000e-08
3.9226e-01 4.6704e-01 1.0000e-08
3.9226e-01 4.6704e-01 1.0000e-08
3.9226e-01 4.6704e-01 1.0000e-08
3.9226e-01 4.6704e-01 1.0000e-08
3.9226e-01 4.6704e-01 1.0000e-08
3.9226e-01 4.6704e-01 1.0000e-08
3.9226e-01 4.6704e-01 1.0000e-08
3.9226e-01 4.6704e-01 1.0000e-08
3.9226e-01 4.6704e-01 1.0000e-08
3.9226e-01 4.6704e-01 1.0000e-08
3.9226e-01 4.6704e-01 1.0000e-08
3.9226e-01 4.6704e-01 1.0000e-08
3.9226e-01 4.6704e-01 1.0000e-08
3.9226e-01 4.6704e-01 1.0000e-08
3.9226e-01 4.6704e-01 1.0000e-08
3.9226e-01 4.6704e-01 1.0000e-08
3.9226e-01 4.6704e-01 1.0000e-08
3.9226e-01 4.6704e-01 1.0000e-08
3.9226e-01 4.6704e-01 1.0000e-08
3.9226e-01 4.6704e-01 1.0000e-08
3.9226e-01 4.6704e-01 1.0000e-08
3.9226e-01 4.6704e-01 1.0000e-08
3.9226e-01 4.6704e-01 1.0000e-08
3.9226e-01 4.6704e-01 1.0000e-08
3.9226e-01 4.6704e-01 1.0000e-08
3.9226e-01 4.6704e-01 1.0000e-08
3.9226e-01 4.6704e-01 1.0000e-08
3.9226e-01 4.6704e-01 1.0000e-08
3.9226e-01 4.6704e-01 1.0000e-08
3.9226e-01 4.6704e-01 1.0000e-08
3.9226e-01 4.6704e-01 1.0000e-08
3.9226e-01 4.6704e-01 1.0000e-08
3.9226e-01 4.6704e-01 1.0000e-08
3.9226e-01 4.6704e-01 1.0000e-08
3.9226e-01 4.6704e-01 1.0000e-08
3.9226e-01 4.6703e-01 1.0000e-08
3.9226e-01 4.6703e-01 1.0000e-08
3.9226e-01 4.6703e-01 1.0000e-08
3.9226e-01 4.6703e-01 1.0000e-08
3.9226e-01 4.6703e-01 1.0000e-08
3.9226e-01 4.6703e-01 1.0000e-08
3.9226e-01 4.6703e-01 1.0000e-08
3.9226e-01 4.6703e-01 1.0000e-08
3.9226e-01 4.6703e-01 1.0000e-08
3.9226e-01 4.6703e-01 1.0000e-08
3.9226e-01 4.6703e-01 1.0000e-08
3.9226e-01 4.6703e-01 1.0000e-08
3.9226e-01 4.6703e-01 1.0000e-08
3.9226e-01 4.6703e-01 1.0000e-08
3.9226e-01 4.6703e-01 1.0000e-08
3.9226e-01 4.6703e-01 1.0000e-08
3.9226e-01 4.6703e-01 1.0000e-08
3.9226e-01 4.6703e-01 1.0000e-08
3.9226e-01 4.6703e-01 1.0000e-08
3.9226e-01 4.6703e-01 1.0000e-08
3.9226e-01 4.6703e-01 1.0000e-08
3.9226e-01 4.6703e-01 1.0000e-08
3.9226e-01 4.6703e-01 1.0000e-08
3.9226e-01 4.6703e-01 1.0000e-08
3.9226e-01 4.6703e-01 1.0000e-08
3.9226e-01 4.6703e-01 1.0000e-08
3.9226e-01 4.6703e-01 1.0000e-08
3.9226e-01 4.6703e-01 1.0000e-08
3.9226e-01 4.6703e-01 1.0000e-08
3.9226e-01 4.6703e-01 1.0000e-08
3.9226e-01 4.6703e-01 1.0000e-08
3.9226e-01 4.6703e-01 1.0000e-08
3.9226e-01 4.6703e-01 1.0000e-08
3.9226e-01 4.6703e-01 1.0000e-08
3.9226e-01 4.6703e-01 1.0000e-08
3.9226e-01 4.6703e-01 1.0000e-08
3.9226e-01 4.6703e-01 1.0000e-08
3.9226e-01 4.6703e-01 1.0000e-08
3.9226e-01 4.6703e-01 1.0000e-08
3.9226e-01 4.6703e-01 1.0000e-08
3.9226e-01 4.6703e-01 1.0000e-08
3.9226e-01 4.6703e-01 1.0000e-08
3.9226e-01 4.6703e-01 1.0000e-08
3.9226e-01 4.6703e-01 1.0000e-08
3.9226e-01 4.6703e-01 1.0000e-08
3.9226e-01 4.6703e-01 1.0000e-08
3.9226e-01 4.6703e-01 1.0000e-08
3.9226e-01 4.6703e-01 1.0000e-08
3.9226e-01 4.6703e-01 1.0000e-08
3.9226e-01 4.6703e-01 1.0000e-08
3.9226e-01 4.6703e-01 1.0000e-08
3.9226e-01 4.6703e-01 1.0000e-08
3.9226e-01 4.6703e-01 1.0000e-08
3.9226e-01 4.6703e-01 1.0000e-08
3.9226e-01 4.6703e-01 1.0000e-08
3.9226e-01 4.6703e-01 1.0000e-08
